1 2 1
1 3 1
1 4 1
1 5 1
6 7 1
6 8 1
6 9 1
6 10 1
6 11 1
12 2 1
12 4 1
12 13 1
12 14 1
12 15 1
16 17 1
16 18 1
16 19 1
7 6 1
7 20 1
7 21 1
7 22 1
7 23 1
7 24 1
7 25 1
7 26 1
7 27 1
7 8 1
7 28 1
7 29 1
7 30 1
7 9 1
7 31 1
7 32 1
7 10 1
7 33 1
7 34 1
7 35 1
7 36 1
7 37 1
7 38 1
7 39 1
7 40 1
7 41 1
7 42 2
7 43 1
7 44 1
7 45 1
7 46 1
7 47 1
7 48 1
7 49 1
7 50 1
7 51 1
7 52 1
7 11 10
7 53 1
7 54 1
7 55 2
7 56 1
7 57 1
7 58 1
7 59 1
7 60 1
7 61 1
62 63 1
62 64 1
62 65 1
62 66 1
62 67 1
68 69 1
68 70 1
68 71 1
68 72 1
68 73 1
68 74 1
68 75 1
68 76 1
68 57 1
68 77 1
68 78 1
68 79 1
80 81 1
80 82 1
80 83 2
80 18 2
80 84 1
85 86 1
85 19 1
85 87 1
88 2 1
88 89 1
88 90 1
88 91 1
88 4 1
88 92 1
88 15 1
93 29 1
93 94 1
93 50 1
95 96 1
95 97 1
95 98 1
95 28 9
95 29 5
95 99 1
95 94 3
95 100 1
95 101 1
95 102 1
95 103 1
95 104 1
95 105 1
95 46 10
95 48 1
95 106 1
95 50 3
95 107 1
95 108 1
95 53 1
95 109 1
95 110 9
95 111 1
95 112 1
95 57 4
95 113 1
95 114 1
95 115 1
95 116 1
117 118 1
117 119 1
117 19 1
120 121 2
120 122 1
120 123 1
120 124 1
120 125 1
120 126 1
120 127 1
120 128 1
120 129 1
120 130 2
120 131 1
120 132 1
120 52 1
120 59 2
133 134 1
133 4 1
133 135 1
133 136 1
137 138 1
137 139 1
137 140 1
137 141 1
137 40 1
137 142 1
137 55 1
137 59 1
143 2 2
143 4 2
143 144 1
143 15 2
145 146 1
145 4 1
145 147 1
148 149 1
148 150 1
148 151 1
148 152 1
148 153 1
148 154 1
148 155 1
148 28 2
148 156 1
148 29 3
148 157 1
148 158 2
148 159 1
148 160 1
148 161 2
148 140 2
148 162 1
148 163 1
148 164 1
148 165 1
148 46 1
148 166 1
148 50 1
148 52 3
148 167 1
148 168 3
148 54 1
148 110 2
148 57 2
148 59 1
148 169 1
148 170 1
148 60 1
148 116 2
148 171 1
148 172 1
20 7 1
20 22 1
20 26 1
20 32 1
20 49 1
20 11 1
173 174 1
173 175 1
173 119 1
173 4 1
173 176 1
173 177 1
173 17 1
173 178 1
173 179 1
173 180 1
173 181 1
173 86 1
173 166 1
173 18 1
173 52 1
173 182 1
173 19 2
173 57 1
173 183 2
121 120 2
121 122 1
121 123 1
121 124 1
121 184 1
121 125 1
121 126 1
121 127 1
121 128 1
121 129 1
121 130 3
121 131 1
121 185 1
121 132 1
121 52 1
121 57 1
121 59 2
121 170 1
122 120 1
122 121 1
122 123 1
122 127 1
122 128 1
122 130 1
122 131 1
122 132 1
122 59 1
2 1 1
2 12 1
2 88 1
2 143 2
2 186 1
2 89 1
2 187 1
2 188 2
2 189 2
2 90 2
2 91 2
2 152 2
2 3 2
2 190 1
2 191 1
2 192 1
2 193 1
2 194 3
2 195 1
2 196 1
2 4 39
2 197 2
2 198 1
2 13 1
2 199 1
2 200 1
2 201 1
2 202 1
2 203 1
2 204 1
2 205 1
2 206 1
2 207 1
2 208 1
2 209 1
2 210 1
2 211 1
2 163 1
2 14 1
2 212 1
2 213 1
2 214 1
2 215 1
2 216 1
2 217 1
2 218 1
2 219 1
2 220 1
2 221 1
2 222 1
2 144 1
2 223 2
2 92 11
2 15 28
2 224 1
2 225 1
2 226 1
2 227 3
2 228 1
2 5 2
2 229 1
2 230 1
2 231 1
2 232 1
2 233 1
2 234 1
2 170 1
2 235 2
2 236 3
2 237 1
2 238 3
186 2 1
186 4 1
186 200 1
186 15 1
21 7 1
21 45 1
21 11 1
21 55 1
21 56 1
21 61 1
239 29 1
239 240 1
239 241 1
239 38 1
239 242 1
239 243 1
244 18 1
244 19 1
244 245 1
244 246 1
247 248 2
247 152 2
247 249 1
247 4 2
247 157 1
247 250 1
247 251 1
252 253 1
252 156 1
252 254 1
252 255 1
96 95 1
96 28 1
96 102 1
96 46 1
96 110 1
256 29 1
256 257 1
256 52 1
63 62 1
63 64 1
63 65 1
63 66 1
63 67 1
258 184 1
258 152 1
258 156 1
258 259 1
258 260 1
258 77 1
258 170 1
123 120 1
123 121 1
123 122 1
123 127 1
123 128 1
123 130 1
123 131 1
123 132 1
123 59 1
118 117 1
118 119 1
118 19 1
89 88 1
89 2 1
89 90 1
89 91 1
89 4 1
89 92 1
89 15 1
261 262 1
261 263 1
261 264 1
261 265 1
261 131 1
261 140 1
261 266 1
261 44 1
261 267 1
261 55 1
261 57 1
261 59 1
248 247 2
248 152 2
248 249 1
248 4 2
248 157 1
248 250 1
248 251 1
268 269 1
268 70 2
268 270 1
268 271 1
268 272 1
268 75 2
268 57 1
268 77 2
268 79 2
273 152 4
273 274 1
273 275 1
273 276 1
273 277 1
273 166 1
273 278 1
273 170 4
279 149 1
279 280 1
279 29 1
279 94 1
279 281 1
279 282 1
279 283 1
174 173 1
174 175 1
174 176 1
174 180 1
174 19 1
174 183 1
284 285 1
284 40 1
284 286 1
284 55 1
284 59 1
287 262 1
287 131 1
287 140 1
287 44 1
287 55 1
287 57 1
287 59 1
288 289 1
288 131 1
288 140 1
288 44 1
288 290 1
288 55 1
288 57 1
288 59 1
288 291 1
124 120 1
124 121 1
124 125 1
124 126 1
124 129 1
124 130 1
124 52 1
124 59 1
292 293 1
292 294 1
292 295 1
292 19 1
296 297 1
296 48 1
296 53 1
298 299 1
298 300 1
298 131 1
298 140 1
298 301 1
298 44 1
298 302 1
298 55 1
298 59 1
303 304 1
303 177 1
303 17 1
303 305 1
303 181 1
303 83 1
303 18 1
303 19 1
306 179 1
306 19 1
307 308 1
307 309 1
307 42 1
307 11 1
253 252 1
253 310 1
253 22 1
253 311 1
253 312 1
253 192 1
253 313 1
253 156 16
253 314 1
253 254 16
253 315 1
253 316 1
253 317 1
253 318 1
253 319 1
253 320 1
253 321 1
253 322 1
253 323 1
253 324 1
253 54 10
253 325 1
253 326 1
253 255 6
253 327 1
187 2 1
187 152 1
187 4 1
187 201 1
187 229 1
187 230 1
187 170 1
328 329 1
328 330 1
328 331 1
328 332 1
328 333 1
328 334 1
328 192 1
328 335 1
328 336 1
328 156 3
328 337 1
328 161 5
328 338 1
328 339 1
328 340 9
328 341 1
328 168 7
328 342 1
328 343 1
328 344 1
310 253 1
310 156 1
310 254 1
310 255 1
184 121 1
184 258 1
184 152 1
184 333 1
184 345 1
184 346 1
184 347 1
184 156 2
184 348 1
184 349 2
184 130 1
184 350 1
184 351 2
184 259 11
184 185 1
184 352 1
184 260 1
184 353 1
184 354 1
184 57 7
184 77 1
184 170 12
184 355 1
356 351 1
356 259 1
356 357 1
356 57 1
356 170 1
356 358 1
359 335 1
359 156 1
359 360 1
359 361 1
359 362 1
359 363 1
359 364 1
359 323 1
359 365 1
22 7 1
22 20 1
22 253 1
22 366 1
22 192 1
22 26 2
22 28 1
22 156 2
22 367 1
22 254 1
22 32 1
22 368 1
22 369 1
22 370 1
22 319 1
22 49 1
22 371 1
22 11 1
22 323 2
22 110 1
22 372 1
22 255 1
22 116 1
149 148 1
149 279 1
149 280 1
149 373 1
149 28 3
149 29 1
149 94 1
149 281 1
149 165 1
149 46 2
149 282 1
149 110 3
149 283 1
149 116 3
149 374 1
149 375 1
376 177 1
376 181 1
376 83 1
376 18 1
377 152 1
377 154 1
377 278 1
377 57 1
377 170 1
378 152 1
378 379 2
378 163 3
378 380 3
378 170 3
381 382 1
381 48 1
381 53 1
381 383 1
384 170 1
150 148 1
150 28 2
150 156 1
150 29 1
150 162 1
150 164 1
150 46 1
150 385 1
150 166 1
150 50 1
150 52 1
150 168 1
150 54 1
150 110 2
150 57 1
150 59 1
150 116 1
329 328 1
329 192 1
329 338 1
329 340 1
329 168 1
366 22 1
366 156 1
366 369 1
366 370 1
366 371 1
366 323 1
366 372 1
386 4 1
188 2 2
188 4 2
188 208 1
188 163 1
188 219 1
188 15 2
188 226 1
188 228 1
151 148 1
151 29 1
151 158 1
151 140 1
151 52 1
387 388 1
387 389 1
387 140 1
387 40 1
387 390 1
387 55 1
387 59 1
391 392 1
391 393 1
391 140 1
391 44 1
391 52 1
391 55 1
391 59 1
391 394 1
189 2 2
189 4 2
189 223 2
189 92 2
189 15 2
189 227 2
90 88 1
90 2 2
90 89 1
90 91 2
90 194 1
90 4 2
90 92 2
90 15 2
90 227 1
90 231 1
90 238 1
262 261 1
262 287 1
262 263 1
262 264 1
262 265 1
262 131 2
262 140 2
262 266 1
262 44 2
262 267 1
262 55 2
262 57 2
262 59 2
388 387 1
388 389 1
388 140 1
388 40 1
388 390 1
388 55 1
388 59 1
395 396 1
395 179 1
395 19 1
395 397 1
91 88 1
91 2 2
91 89 1
91 90 2
91 194 1
91 4 2
91 92 2
91 15 2
91 227 1
91 231 1
91 238 1
398 399 1
398 400 1
398 17 1
398 401 1
398 181 1
398 18 1
398 19 1
402 156 1
402 369 1
402 403 1
402 323 1
402 255 1
399 398 1
399 400 2
399 17 2
399 401 1
399 181 1
399 83 1
399 18 2
399 19 1
293 292 1
293 294 1
293 295 1
293 19 1
404 335 1
404 156 1
404 405 1
404 323 1
406 335 1
406 156 1
406 323 1
407 29 1
407 94 1
407 408 1
407 282 1
407 374 1
409 70 1
409 410 1
409 75 1
409 76 1
409 77 1
409 78 1
409 79 1
409 411 1
330 328 1
330 161 1
330 340 1
330 168 1
330 342 1
412 156 1
412 131 1
412 140 1
412 385 1
412 413 1
412 414 1
412 168 1
412 55 1
412 59 1
412 415 1
416 417 1
416 418 1
416 11 1
416 57 1
285 284 1
285 40 1
285 286 1
285 55 1
285 59 1
419 420 1
419 83 1
419 18 1
392 391 1
392 393 1
392 140 1
392 44 1
392 52 1
392 55 1
392 59 1
392 394 1
263 261 1
263 262 1
263 264 1
263 265 1
263 131 1
263 140 1
263 266 1
263 44 1
263 267 1
263 55 1
263 57 1
263 59 1
421 70 1
421 75 1
421 77 1
421 79 1
23 7 1
23 37 1
23 43 1
23 11 1
23 57 1
422 28 1
422 103 1
422 46 1
422 110 1
331 328 1
331 336 1
331 156 1
331 340 1
331 341 1
423 161 1
423 48 1
423 424 1
423 53 1
423 425 1
426 427 1
426 42 1
426 11 1
428 48 1
428 429 1
428 430 1
428 53 1
24 7 1
24 30 1
24 41 1
24 11 1
431 18 1
431 19 1
432 433 1
432 434 1
432 417 1
432 94 1
432 50 1
432 435 1
436 437 1
436 438 1
436 19 1
433 432 1
433 434 1
433 417 1
433 94 1
433 50 1
433 435 1
311 253 1
311 312 1
311 156 1
311 254 1
311 54 1
152 148 1
152 2 2
152 247 2
152 258 1
152 248 2
152 273 4
152 187 1
152 184 1
152 377 1
152 378 1
152 439 2
152 249 1
152 345 1
152 192 1
152 440 1
152 193 1
152 154 10
152 26 2
152 441 1
152 4 15
152 396 1
152 442 1
152 156 2
152 443 1
152 444 3
152 445 1
152 446 2
152 447 1
152 157 3
152 448 1
152 449 1
152 201 1
152 450 1
152 451 1
152 163 4
152 274 1
152 275 1
152 276 1
152 452 1
152 250 1
152 259 1
152 277 2
152 220 4
152 453 1
152 380 2
152 454 1
152 166 1
152 278 2
152 92 1
152 455 1
152 15 1
152 251 1
152 260 2
152 456 1
152 457 1
152 458 1
152 459 2
152 460 1
152 461 1
152 462 1
152 463 1
152 229 1
152 230 1
152 19 1
152 464 1
152 57 9
152 465 1
152 77 1
152 466 1
152 170 25
152 467 2
152 468 1
152 469 1
152 172 1
134 133 1
134 4 1
134 135 1
134 136 1
434 432 1
434 433 1
434 417 1
434 94 1
434 50 1
434 435 1
299 298 1
299 300 1
299 131 1
299 140 1
299 301 1
299 44 1
299 302 1
299 55 1
299 59 1
470 17 1
470 181 1
470 286 1
470 83 1
470 18 1
471 472 1
471 473 3
471 177 2
471 474 2
471 179 3
471 19 3
471 57 2
471 475 3
476 477 1
476 478 1
476 181 1
476 18 1
476 19 1
479 119 1
479 480 1
479 179 1
479 19 1
481 119 1
481 18 1
481 182 1
481 19 1
481 183 1
389 387 1
389 388 1
389 140 1
389 40 1
389 390 1
389 55 1
389 59 1
482 29 1
482 483 1
482 484 1
482 38 1
482 485 1
482 52 1
482 486 1
482 55 1
482 59 1
482 487 1
312 253 1
312 311 1
312 156 1
312 254 1
312 54 1
477 476 1
477 478 1
477 181 1
477 18 1
477 19 1
175 173 1
175 174 1
175 176 1
175 180 1
175 19 1
175 183 1
439 152 2
439 154 2
439 444 1
439 459 1
439 462 1
439 463 1
439 57 1
439 170 2
3 1 1
3 2 2
3 190 1
3 4 2
3 92 1
3 15 1
3 5 2
488 179 1
488 19 1
332 328 1
332 333 1
332 156 1
332 340 1
332 168 1
489 490 1
489 53 1
491 249 1
491 492 1
491 367 1
491 161 1
491 493 1
491 48 1
491 494 1
491 168 1
491 53 1
491 60 1
153 148 1
153 159 1
153 160 1
153 161 1
153 140 1
153 168 1
153 169 1
153 171 1
97 95 1
97 28 1
97 46 1
97 110 1
495 249 1
495 29 1
495 158 1
495 496 1
495 52 1
495 497 1
25 7 1
25 27 1
25 47 1
25 11 1
498 17 1
498 181 1
498 18 1
498 19 1
498 499 1
500 161 1
500 168 1
500 171 1
333 328 1
333 184 1
333 332 1
333 156 1
333 259 1
333 340 1
333 168 1
333 57 2
333 170 1
334 328 1
334 161 1
334 340 1
334 168 1
249 247 1
249 248 1
249 152 1
249 491 1
249 495 1
249 4 1
249 492 1
249 29 1
249 158 1
249 161 1
249 501 1
249 493 1
249 496 1
249 250 1
249 494 1
249 52 1
249 168 1
249 60 1
249 497 1
190 2 1
190 3 1
190 4 1
190 92 1
190 15 1
190 5 1
502 192 1
502 501 1
502 503 1
345 184 1
345 152 1
345 154 1
345 156 1
345 444 1
345 349 1
345 504 1
345 505 1
345 501 1
345 181 1
345 259 1
345 506 1
345 503 1
345 18 1
345 459 1
345 19 1
345 57 3
345 170 2
191 2 1
191 4 1
191 202 1
191 214 1
191 216 1
191 15 1
192 2 1
192 253 1
192 328 1
192 22 1
192 329 1
192 152 1
192 502 1
192 154 1
192 26 2
192 196 1
192 4 1
192 28 1
192 156 1
192 29 1
192 444 1
192 367 1
192 254 1
192 338 1
192 450 1
192 94 1
192 507 1
192 340 1
192 50 1
192 260 1
192 52 1
192 168 1
192 54 1
192 110 1
192 57 1
192 59 1
192 170 1
192 116 1
192 238 1
508 509 1
508 26 1
508 119 1
508 473 1
508 510 1
508 511 1
508 177 1
508 17 1
508 512 1
508 178 1
508 179 2
508 181 1
508 513 1
508 18 1
508 52 1
508 514 1
508 182 1
508 19 2
508 515 1
508 183 1
304 303 1
304 177 1
304 17 1
304 305 1
304 181 1
304 83 1
304 18 1
304 19 1
440 152 1
440 4 1
440 396 1
440 163 1
440 380 1
440 19 1
440 464 1
440 465 1
440 467 1
440 469 1
516 161 1
516 168 1
516 60 1
509 508 1
509 119 1
509 17 1
509 505 1
509 179 1
509 181 1
509 506 1
509 18 1
509 19 2
509 499 1
517 131 1
517 59 1
518 177 1
518 305 1
518 83 1
518 18 1
193 2 1
193 152 1
193 4 1
193 15 1
69 68 1
69 70 1
69 71 1
69 72 1
69 73 1
69 74 1
69 75 1
69 76 1
69 57 1
69 77 1
69 78 1
69 79 1
154 148 1
154 377 1
154 152 10
154 439 2
154 345 1
154 192 1
154 441 1
154 156 1
154 444 3
154 448 1
154 450 1
154 163 1
154 453 1
154 278 1
154 260 1
154 458 1
154 459 2
154 462 1
154 463 1
154 57 6
154 170 10
154 172 1
26 7 1
26 20 1
26 22 2
26 152 2
26 192 2
26 508 1
26 119 2
26 28 1
26 29 2
26 473 2
26 367 1
26 510 2
26 519 1
26 158 1
26 32 1
26 511 2
26 177 2
26 17 1
26 94 1
26 512 1
26 163 1
26 178 2
26 179 2
26 181 1
26 507 1
26 513 2
26 277 1
26 48 1
26 49 1
26 50 1
26 18 2
26 52 3
26 11 1
26 53 1
26 514 2
26 182 2
26 110 1
26 19 2
26 515 1
26 57 2
26 520 1
26 170 2
26 116 1
26 183 2
27 7 1
27 25 1
27 47 1
27 11 1
521 131 1
521 55 1
521 57 1
521 59 1
522 4 1
335 328 1
335 359 1
335 404 1
335 406 1
335 523 1
335 156 6
335 405 1
335 360 1
335 361 1
335 524 1
335 362 1
335 363 1
335 340 1
335 364 1
335 323 5
335 365 1
335 343 1
119 117 1
119 173 1
119 118 1
119 479 1
119 481 1
119 508 1
119 509 1
119 26 2
119 4 1
119 525 1
119 473 2
119 510 2
119 519 1
119 526 1
119 511 2
119 177 3
119 17 3
119 505 1
119 480 1
119 512 1
119 527 1
119 178 3
119 528 2
119 179 6
119 181 3
119 513 2
119 86 2
119 506 1
119 166 1
119 92 2
119 18 5
119 529 2
119 52 3
119 530 2
119 514 2
119 182 7
119 19 14
119 515 1
119 57 1
119 531 2
119 183 6
119 499 1
194 2 3
194 90 1
194 91 1
194 4 3
194 198 1
194 212 1
194 220 1
194 92 3
194 15 3
194 227 1
194 231 1
194 232 1
194 235 1
194 238 2
532 70 1
532 533 1
532 534 1
532 75 1
532 77 1
532 535 1
532 79 1
536 131 1
536 537 1
536 59 1
280 279 1
280 149 1
280 29 1
280 94 1
280 281 1
280 282 1
280 283 1
195 2 1
195 4 1
195 15 1
441 152 1
441 154 1
441 458 1
441 170 1
538 70 1
538 75 1
538 77 1
538 79 1
539 29 1
539 50 1
539 540 1
98 95 1
98 28 1
98 99 1
98 103 1
98 46 1
98 110 1
541 29 1
541 94 1
541 542 1
541 50 1
541 543 1
289 288 1
289 131 1
289 140 1
289 44 1
289 290 1
289 55 1
289 57 1
289 59 1
289 291 1
346 184 1
346 259 1
346 352 1
346 57 1
346 170 1
125 120 1
125 121 1
125 124 1
125 126 1
125 129 1
125 130 1
125 52 1
125 59 1
523 335 1
523 156 1
523 323 1
544 19 1
544 545 1
155 148 1
155 157 2
155 161 2
155 546 1
155 168 2
155 547 1
155 60 2
336 328 1
336 331 1
336 156 1
336 340 1
336 341 1
196 2 1
196 192 1
196 4 1
196 238 1
548 161 1
548 549 1
548 168 1
548 171 1
550 29 1
550 140 1
550 551 1
550 552 1
550 44 1
550 52 1
550 55 1
550 553 1
550 59 1
417 416 1
417 432 1
417 433 1
417 434 1
417 418 1
417 94 1
417 277 1
417 50 1
417 11 1
417 435 1
417 57 1
417 467 1
146 145 1
146 4 1
146 147 1
373 149 1
373 28 1
373 46 1
373 110 1
373 116 1
313 253 1
313 156 1
313 254 1
313 255 1
554 29 1
554 52 1
4 1 1
4 12 1
4 88 1
4 133 1
4 143 2
4 145 1
4 173 1
4 2 39
4 186 1
4 247 2
4 89 1
4 248 2
4 187 1
4 386 1
4 188 2
4 189 2
4 90 2
4 91 2
4 152 15
4 134 1
4 3 2
4 249 1
4 190 1
4 191 1
4 192 1
4 440 1
4 193 1
4 522 1
4 119 1
4 194 3
4 195 1
4 196 1
4 146 1
4 197 2
4 396 1
4 198 1
4 442 1
4 13 1
4 199 1
4 447 1
4 157 3
4 449 1
4 200 1
4 201 1
4 202 1
4 203 1
4 204 1
4 205 1
4 206 1
4 177 1
4 17 1
4 207 1
4 555 1
4 208 1
4 209 1
4 210 1
4 211 1
4 163 2
4 14 1
4 212 1
4 213 1
4 214 1
4 215 1
4 178 1
4 216 1
4 179 1
4 181 1
4 217 1
4 218 1
4 452 1
4 250 1
4 135 1
4 219 1
4 147 1
4 556 1
4 86 1
4 220 5
4 221 1
4 380 1
4 222 1
4 557 1
4 166 1
4 144 1
4 223 2
4 92 13
4 15 28
4 224 1
4 18 1
4 251 1
4 52 1
4 225 1
4 226 1
4 227 3
4 461 1
4 228 1
4 558 1
4 5 2
4 559 1
4 229 1
4 182 1
4 230 1
4 19 2
4 231 1
4 232 1
4 464 1
4 233 1
4 57 2
4 465 1
4 234 1
4 466 1
4 170 2
4 560 1
4 136 1
4 235 2
4 467 2
4 236 3
4 237 1
4 183 1
4 468 1
4 238 3
4 469 1
197 2 2
197 4 2
197 199 1
197 207 1
197 218 1
197 15 2
396 395 1
396 152 1
396 440 1
396 4 1
396 163 1
396 179 1
396 380 1
396 19 2
396 464 1
396 465 1
396 467 1
396 397 1
396 469 1
198 2 1
198 194 1
198 4 1
198 92 1
198 15 1
198 232 1
198 235 1
198 238 1
442 152 1
442 4 1
13 12 1
13 2 1
13 4 1
13 14 1
13 15 1
347 184 1
347 259 1
347 170 1
347 355 1
525 119 1
525 182 1
525 19 1
561 177 2
561 83 2
561 18 2
562 29 1
562 563 1
562 564 1
562 57 1
492 491 1
492 249 1
492 161 1
492 493 1
492 494 1
492 168 1
492 60 1
138 137 1
138 139 1
138 140 1
138 141 1
138 40 1
138 142 1
138 55 1
138 59 1
437 436 1
437 438 1
437 19 2
437 565 1
126 120 1
126 121 1
126 124 1
126 125 1
126 129 1
126 130 1
126 52 1
126 59 1
490 489 1
490 53 1
400 398 1
400 399 2
400 566 1
400 17 2
400 339 1
400 179 1
400 401 1
400 181 1
400 83 1
400 18 2
400 19 2
567 19 2
567 568 2
569 29 1
569 570 1
569 571 1
569 52 1
572 29 1
572 484 1
572 38 1
572 573 1
8 6 1
8 7 1
8 9 1
8 10 1
8 11 1
574 29 1
574 158 1
574 52 1
574 575 1
28 7 1
28 95 9
28 148 2
28 96 1
28 22 1
28 149 3
28 150 2
28 422 1
28 97 1
28 192 1
28 26 1
28 98 1
28 373 1
28 156 1
28 29 3
28 576 1
28 577 1
28 367 1
28 99 1
28 578 1
28 579 1
28 34 1
28 162 1
28 100 3
28 38 1
28 40 1
28 164 1
28 102 1
28 580 1
28 103 2
28 165 1
28 42 1
28 44 1
28 105 1
28 46 14
28 385 1
28 48 3
28 166 1
28 106 1
28 50 2
28 52 2
28 168 1
28 11 1
28 108 1
28 53 2
28 109 1
28 54 2
28 110 20
28 19 1
28 111 1
28 112 1
28 55 1
28 57 6
28 58 1
28 113 1
28 59 2
28 581 1
28 115 1
28 60 1
28 116 11
28 374 1
28 582 1
28 375 1
393 391 1
393 392 1
393 140 1
393 44 1
393 52 1
393 55 1
393 59 1
393 394 1
156 148 1
156 252 1
156 258 1
156 253 16
156 328 3
156 310 1
156 184 2
156 359 1
156 22 2
156 150 1
156 366 1
156 402 1
156 404 1
156 406 1
156 412 1
156 331 1
156 311 1
156 152 2
156 312 1
156 332 1
156 333 1
156 345 1
156 192 1
156 154 1
156 335 6
156 523 1
156 336 1
156 313 1
156 28 1
156 314 1
156 29 1
156 405 1
156 349 1
156 254 16
156 360 1
156 131 1
156 140 1
156 361 1
156 162 1
156 315 1
156 369 2
156 164 1
156 316 1
156 583 1
156 317 1
156 370 1
156 318 1
156 319 1
156 524 1
156 320 1
156 321 1
156 259 2
156 322 1
156 403 1
156 385 1
156 362 1
156 413 1
156 363 1
156 340 3
156 414 1
156 166 1
156 584 1
156 50 1
156 260 1
156 341 1
156 371 1
156 52 1
156 168 3
156 364 1
156 323 10
156 324 1
156 54 11
156 110 1
156 325 1
156 365 1
156 55 1
156 57 3
156 372 2
156 59 2
156 77 1
156 415 1
156 326 1
156 170 3
156 255 9
156 116 1
156 343 1
156 327 1
443 152 1
443 446 1
443 170 1
472 471 1
472 473 1
472 474 1
472 179 1
472 19 1
472 475 1
314 253 1
314 156 1
314 254 1
314 54 1
29 7 1
29 93 1
29 95 5
29 148 3
29 239 1
29 256 1
29 279 1
29 149 1
29 150 1
29 151 1
29 407 1
29 482 1
29 495 1
29 249 1
29 192 1
29 26 2
29 280 1
29 539 1
29 541 1
29 550 1
29 554 1
29 562 1
29 569 1
29 572 1
29 574 1
29 28 3
29 156 1
29 585 1
29 586 1
29 563 1
29 587 1
29 588 1
29 589 1
29 590 1
29 591 1
29 158 7
29 592 1
29 570 1
29 140 3
29 551 1
29 34 1
29 484 5
29 94 14
29 162 1
29 240 1
29 496 1
29 101 1
29 241 1
29 593 1
29 594 1
29 595 1
29 38 10
29 596 1
29 242 1
29 40 1
29 164 1
29 552 1
29 597 1
29 571 1
29 542 1
29 281 1
29 104 1
29 573 1
29 598 1
29 599 1
29 42 1
29 44 2
29 600 1
29 507 1
29 601 1
29 602 1
29 46 3
29 408 1
29 603 1
29 604 1
29 48 1
29 605 1
29 166 1
29 282 6
29 50 12
29 107 1
29 606 1
29 257 1
29 52 16
29 540 1
29 167 1
29 168 1
29 607 1
29 11 1
29 53 1
29 608 1
29 564 1
29 486 1
29 575 1
29 54 2
29 609 1
29 243 1
29 110 2
29 610 1
29 55 2
29 611 1
29 612 1
29 553 1
29 57 4
29 613 1
29 58 1
29 283 1
29 614 1
29 113 1
29 59 3
29 114 1
29 520 1
29 543 1
29 487 1
29 60 1
29 116 1
29 497 1
29 615 1
29 374 2
29 616 1
29 617 1
29 618 1
473 471 3
473 508 1
473 26 2
473 119 2
473 472 1
473 510 2
473 519 1
473 511 2
473 177 4
473 17 1
473 512 1
473 474 3
473 178 2
473 179 7
473 181 1
473 513 2
473 619 1
473 18 2
473 52 2
473 514 2
473 182 2
473 19 7
473 515 1
473 57 2
473 475 4
473 620 1
473 183 2
444 152 3
444 439 1
444 345 1
444 192 1
444 154 3
444 450 1
444 260 1
444 459 2
444 462 1
444 57 3
444 170 3
621 177 1
621 179 1
621 19 1
621 57 1
445 152 1
445 457 1
445 170 1
199 2 1
199 4 1
199 197 1
199 218 1
199 15 1
348 184 1
348 259 1
348 170 1
622 623 1
622 53 1
622 110 1
622 624 1
405 404 1
405 335 1
405 156 1
405 323 1
625 70 1
625 177 1
625 626 1
625 75 1
625 627 1
625 77 1
625 79 1
308 307 1
308 309 1
308 42 1
308 11 1
585 29 1
585 589 1
585 94 1
585 598 1
585 50 1
420 419 1
420 83 1
420 18 1
269 268 1
269 70 1
269 270 1
269 271 1
269 272 1
269 75 1
269 77 1
269 79 1
576 28 1
576 579 1
576 580 1
576 110 1
576 116 1
576 582 1
586 29 1
586 592 1
586 38 1
586 596 1
586 597 1
586 601 1
264 261 1
264 262 1
264 263 1
264 265 1
264 131 1
264 140 1
264 266 1
264 44 1
264 267 1
264 55 1
264 57 1
264 59 1
446 152 2
446 443 1
446 170 2
300 298 1
300 299 1
300 131 1
300 140 1
300 301 1
300 44 1
300 302 1
300 55 1
300 59 1
628 629 1
628 70 1
628 71 1
628 630 1
628 73 1
628 75 1
628 76 1
628 77 1
628 79 1
30 7 1
30 24 1
30 41 1
30 11 1
631 131 1
631 140 1
631 44 1
631 55 1
631 59 1
563 562 1
563 29 1
563 564 1
563 57 1
418 416 1
418 417 1
418 11 1
418 57 1
629 628 1
629 70 3
629 71 1
629 630 1
629 73 1
629 632 1
629 75 3
629 633 1
629 76 1
629 77 3
629 634 1
629 79 3
587 29 1
587 94 1
587 282 1
587 374 1
70 68 1
70 268 2
70 409 1
70 421 1
70 69 1
70 532 1
70 538 1
70 625 1
70 269 1
70 628 1
70 629 3
70 71 3
70 177 2
70 630 2
70 635 1
70 270 1
70 72 1
70 636 1
70 637 1
70 271 1
70 638 1
70 73 3
70 533 1
70 74 1
70 272 1
70 626 1
70 639 1
70 640 1
70 534 1
70 410 1
70 641 2
70 642 1
70 632 1
70 643 1
70 75 21
70 633 1
70 76 4
70 644 1
70 627 2
70 57 3
70 77 21
70 535 1
70 78 2
70 634 2
70 79 21
70 411 1
447 152 1
447 4 1
447 461 1
645 646 1
645 259 1
645 647 1
645 170 1
648 19 1
577 28 1
577 110 1
577 581 1
577 116 1
157 148 1
157 247 1
157 248 1
157 152 3
157 155 2
157 4 3
157 161 2
157 546 1
157 220 2
157 92 1
157 251 1
157 168 2
157 547 1
157 60 2
157 467 1
139 137 1
139 138 1
139 140 1
139 141 1
139 40 1
139 142 1
139 55 1
139 59 1
588 29 1
588 94 1
588 282 1
337 328 1
337 161 1
337 340 1
337 168 1
589 29 1
589 585 1
589 94 1
589 598 1
589 50 1
127 120 1
127 121 1
127 122 1
127 123 1
127 128 1
127 130 1
127 131 1
127 132 1
127 59 1
448 152 1
448 154 1
448 453 1
448 170 1
367 22 1
367 491 1
367 192 1
367 26 1
367 28 1
367 48 1
367 53 1
367 110 1
367 116 1
510 508 1
510 26 2
510 119 2
510 473 2
510 519 1
510 511 2
510 177 2
510 17 1
510 512 1
510 178 2
510 179 2
510 181 1
510 513 2
510 18 2
510 52 2
510 514 2
510 182 2
510 19 2
510 515 1
510 183 2
382 381 1
382 48 1
382 53 1
382 383 1
590 29 1
590 484 1
590 38 1
590 612 1
9 6 1
9 7 1
9 8 1
9 10 1
9 11 1
71 68 1
71 69 1
71 628 1
71 629 1
71 70 3
71 630 1
71 72 1
71 637 1
71 73 3
71 74 1
71 75 3
71 76 3
71 57 1
71 77 3
71 78 1
71 79 3
449 152 1
449 4 1
449 220 1
449 57 1
449 170 1
566 400 1
566 339 1
566 179 1
566 19 1
200 2 1
200 186 1
200 4 1
200 15 1
201 2 1
201 187 1
201 152 1
201 4 1
201 229 1
201 230 1
201 170 1
519 26 1
519 119 1
519 473 1
519 510 1
519 511 1
519 177 1
519 17 3
519 649 2
519 178 1
519 179 1
519 181 3
519 513 1
519 83 2
519 18 4
519 52 1
519 514 1
519 650 1
519 182 1
519 19 2
519 651 1
519 183 1
591 29 1
591 595 1
591 52 1
265 261 1
265 262 1
265 263 1
265 264 1
265 131 1
265 140 1
265 266 1
265 44 1
265 267 1
265 55 1
265 57 1
265 59 1
158 148 2
158 151 1
158 495 1
158 249 1
158 26 1
158 574 1
158 29 7
158 140 2
158 496 1
158 593 1
158 52 7
158 167 1
158 575 1
158 520 1
158 497 1
158 616 1
202 2 1
202 191 1
202 4 1
202 214 1
202 216 1
202 15 1
203 2 1
203 4 1
203 215 1
349 184 2
349 345 1
349 156 1
349 259 2
349 353 1
349 57 2
349 170 2
176 173 1
176 174 1
176 175 1
176 180 1
176 19 1
176 183 1
31 7 1
31 35 1
31 11 1
204 2 1
204 4 1
204 15 1
592 29 1
592 586 1
592 38 1
592 596 1
592 597 1
592 601 1
128 120 1
128 121 1
128 122 1
128 123 1
128 127 1
128 130 1
128 131 1
128 132 1
128 59 1
570 569 1
570 29 1
570 571 1
570 52 1
526 119 1
526 19 1
99 95 1
99 98 1
99 28 1
99 103 1
99 46 1
99 110 1
205 2 1
205 4 1
205 206 1
205 15 1
205 233 1
652 259 1
652 92 1
652 170 1
254 252 1
254 253 16
254 310 1
254 22 1
254 311 1
254 312 1
254 192 1
254 313 1
254 156 16
254 314 1
254 315 1
254 316 1
254 317 1
254 318 1
254 319 1
254 320 1
254 321 1
254 322 1
254 323 1
254 324 1
254 54 10
254 325 1
254 326 1
254 255 6
254 327 1
32 7 1
32 20 1
32 22 1
32 26 1
32 49 1
32 11 1
511 508 1
511 26 2
511 119 2
511 473 2
511 510 2
511 519 1
511 177 2
511 17 1
511 512 1
511 178 2
511 179 2
511 181 1
511 513 2
511 18 2
511 52 2
511 514 2
511 182 2
511 19 2
511 515 1
511 183 2
129 120 1
129 121 1
129 124 1
129 125 1
129 126 1
129 130 1
129 52 1
129 59 1
130 120 2
130 121 3
130 122 1
130 123 1
130 124 1
130 184 1
130 125 1
130 126 1
130 127 1
130 128 1
130 129 1
130 131 1
130 185 1
130 132 1
130 52 1
130 57 1
130 59 2
130 170 1
578 28 1
578 110 1
578 116 1
206 2 1
206 4 1
206 205 1
206 15 1
206 233 1
360 359 1
360 335 1
360 156 1
360 361 1
360 362 1
360 363 1
360 364 1
360 323 1
360 365 1
10 6 1
10 7 1
10 8 1
10 9 1
10 11 1
483 482 1
483 485 1
483 52 1
483 55 1
483 59 1
159 148 1
159 153 1
159 160 1
159 161 1
159 140 1
159 168 1
159 169 1
159 171 1
379 378 2
379 163 1
379 380 1
379 170 1
177 173 1
177 303 1
177 376 1
177 471 2
177 508 1
177 304 1
177 518 1
177 26 2
177 119 3
177 4 1
177 561 2
177 473 4
177 621 1
177 625 1
177 70 2
177 510 2
177 519 1
177 511 2
177 630 1
177 17 3
177 512 1
177 474 1
177 178 3
177 305 2
177 179 6
177 181 4
177 513 2
177 83 5
177 86 1
177 626 1
177 166 1
177 641 1
177 18 8
177 75 2
177 52 3
177 514 2
177 182 3
177 19 7
177 515 1
177 627 1
177 57 4
177 77 2
177 475 2
177 236 1
177 183 3
177 79 2
630 628 1
630 629 1
630 70 2
630 71 1
630 177 1
630 73 1
630 641 1
630 75 2
630 76 1
630 77 2
630 79 2
160 148 1
160 153 1
160 159 1
160 161 1
160 140 1
160 168 1
160 169 1
160 171 1
17 16 1
17 173 1
17 303 1
17 398 1
17 399 2
17 470 1
17 498 1
17 508 1
17 304 1
17 509 1
17 26 1
17 119 3
17 4 1
17 400 2
17 473 1
17 510 1
17 519 3
17 511 1
17 177 3
17 505 2
17 649 2
17 501 1
17 512 1
17 178 2
17 305 1
17 179 2
17 401 1
17 181 11
17 513 1
17 286 1
17 83 6
17 86 1
17 653 1
17 506 2
17 166 1
17 654 1
17 503 1
17 18 14
17 52 2
17 514 1
17 650 1
17 182 2
17 19 9
17 515 1
17 57 1
17 651 1
17 183 2
17 499 2
504 345 1
504 505 1
504 501 1
504 181 1
504 506 1
504 503 1
504 18 1
504 19 1
655 656 1
655 657 1
655 19 1
658 131 1
658 659 1
658 59 1
505 345 1
505 509 1
505 119 1
505 17 2
505 504 1
505 501 2
505 181 3
505 506 3
505 503 2
505 18 3
505 19 3
505 499 1
635 70 1
635 638 1
635 75 1
635 77 1
635 79 1
161 148 2
161 328 5
161 330 1
161 423 1
161 491 1
161 153 1
161 500 1
161 334 1
161 249 1
161 516 1
161 155 2
161 548 1
161 492 1
161 157 2
161 337 1
161 159 1
161 160 1
161 660 1
161 661 1
161 140 1
161 493 1
161 662 1
161 549 1
161 339 1
161 663 1
161 664 1
161 665 1
161 546 1
161 48 1
161 494 1
161 340 5
161 666 1
161 667 1
161 668 1
161 669 1
161 168 20
161 424 1
161 53 1
161 670 1
161 425 1
161 342 1
161 671 1
161 547 1
161 672 1
161 169 1
161 673 1
161 60 7
161 674 1
161 675 1
161 344 1
161 171 8
676 131 1
676 677 1
676 678 1
676 57 1
676 59 1
579 28 1
579 576 1
579 580 1
579 110 1
579 116 1
579 582 1
338 328 1
338 329 1
338 192 1
338 340 1
338 168 1
478 476 1
478 477 1
478 181 1
478 18 1
478 19 1
368 22 1
660 161 1
660 661 1
660 168 1
660 671 1
660 674 1
660 171 1
207 2 1
207 4 1
207 197 1
207 15 1
480 479 1
480 119 1
480 179 1
480 19 1
555 4 1
555 559 1
555 560 1
661 161 1
661 660 1
661 168 1
661 671 1
661 674 1
661 171 1
294 292 1
294 293 1
294 295 1
294 19 1
131 120 1
131 121 1
131 122 1
131 123 1
131 261 1
131 287 1
131 288 1
131 298 1
131 262 2
131 412 1
131 263 1
131 299 1
131 517 1
131 521 1
131 536 1
131 289 1
131 156 1
131 264 1
131 300 1
131 631 1
131 127 1
131 265 1
131 128 1
131 130 1
131 658 1
131 676 1
131 140 8
131 677 1
131 537 1
131 266 1
131 679 1
131 301 1
131 659 1
131 44 7
131 680 1
131 286 1
131 290 1
131 385 1
131 413 1
131 132 1
131 414 1
131 267 1
131 678 1
131 168 1
131 302 1
131 681 1
131 55 9
131 57 8
131 59 15
131 415 1
131 682 1
131 291 1
649 519 2
649 17 2
649 181 2
649 83 2
649 18 2
649 651 1
350 184 1
350 259 1
350 170 1
140 137 1
140 148 2
140 261 1
140 287 1
140 288 1
140 298 1
140 151 1
140 387 1
140 391 1
140 262 2
140 388 1
140 412 1
140 392 1
140 263 1
140 299 1
140 389 1
140 153 1
140 289 1
140 550 1
140 138 1
140 393 1
140 156 1
140 29 3
140 264 1
140 300 1
140 631 1
140 139 1
140 265 1
140 158 2
140 159 1
140 160 1
140 161 1
140 131 8
140 551 1
140 141 1
140 266 1
140 593 1
140 679 1
140 40 2
140 552 1
140 301 1
140 44 9
140 680 1
140 286 1
140 290 1
140 385 1
140 413 1
140 142 1
140 414 1
140 390 1
140 267 1
140 52 4
140 168 2
140 302 1
140 681 1
140 55 12
140 553 1
140 57 5
140 59 12
140 415 1
140 682 1
140 169 1
140 291 1
140 394 1
140 171 1
677 676 1
677 131 1
677 678 1
677 57 1
677 59 1
501 249 1
501 502 1
501 345 1
501 17 1
501 504 1
501 505 2
501 181 2
501 506 2
501 503 3
501 18 2
501 19 2
270 268 1
270 269 1
270 70 1
270 271 1
270 272 1
270 75 1
270 77 1
270 79 1
208 2 1
208 188 1
208 4 1
208 219 1
208 15 1
208 228 1
361 359 1
361 335 1
361 156 1
361 360 1
361 362 1
361 363 1
361 364 1
361 323 1
361 365 1
33 7 1
33 39 1
33 11 1
450 152 1
450 192 1
450 154 1
450 444 1
450 260 1
450 57 1
450 170 1
209 2 1
209 4 1
209 92 1
209 15 1
209 236 1
551 550 1
551 29 1
551 140 1
551 552 1
551 44 1
551 52 1
551 55 1
551 553 1
551 59 1
34 7 1
34 28 1
34 29 1
34 38 1
34 40 1
34 42 1
34 44 1
34 46 1
34 48 1
34 50 1
34 52 1
34 11 1
34 53 1
34 54 1
34 55 1
34 58 1
34 59 1
34 60 1
484 482 1
484 572 1
484 29 5
484 590 1
484 38 5
484 573 1
484 603 1
484 607 1
484 486 1
484 612 1
484 613 1
484 614 1
484 487 1
94 93 1
94 95 3
94 279 1
94 149 1
94 407 1
94 432 1
94 433 1
94 434 1
94 192 1
94 26 1
94 280 1
94 541 1
94 417 1
94 29 14
94 585 1
94 587 1
94 588 1
94 589 1
94 101 1
94 542 1
94 281 1
94 104 1
94 598 1
94 507 1
94 602 1
94 408 1
94 604 1
94 282 5
94 50 10
94 107 1
94 435 1
94 608 1
94 611 1
94 283 1
94 114 1
94 543 1
94 615 1
94 374 2
94 617 1
162 148 1
162 150 1
162 28 1
162 156 1
162 29 1
162 512 1
162 683 1
162 164 1
162 181 1
162 166 1
162 50 1
162 18 1
162 52 2
162 168 1
162 54 1
162 110 1
162 19 1
162 57 1
162 59 1
162 116 1
512 508 1
512 26 1
512 119 1
512 473 1
512 510 1
512 511 1
512 177 1
512 17 1
512 162 1
512 683 1
512 178 1
512 179 1
512 181 2
512 513 1
512 18 2
512 52 2
512 514 1
512 182 1
512 19 2
512 515 1
512 183 1
493 491 1
493 249 1
493 492 1
493 161 1
493 494 1
493 168 1
493 60 1
210 2 1
210 4 1
210 211 1
210 15 1
211 2 1
211 4 1
211 210 1
211 15 1
315 253 1
315 156 1
315 254 1
315 54 1
240 239 1
240 29 1
240 241 1
240 38 1
240 242 1
240 243 1
537 536 1
537 131 1
537 59 1
100 95 1
100 28 3
100 105 1
100 46 1
100 48 2
100 108 1
100 53 1
100 109 1
100 110 2
100 57 2
100 116 3
35 7 1
35 31 1
35 11 1
36 7 1
36 42 1
36 51 1
36 11 1
451 152 1
451 454 1
451 456 1
451 170 1
662 161 1
662 663 1
662 664 1
662 669 1
662 168 1
662 171 1
72 68 1
72 69 1
72 70 1
72 71 1
72 73 1
72 74 1
72 75 1
72 76 1
72 57 1
72 77 1
72 78 1
72 79 1
369 22 1
369 366 1
369 402 1
369 156 2
369 370 1
369 403 1
369 371 1
369 323 2
369 372 1
369 255 1
163 148 1
163 2 1
163 378 3
163 188 1
163 152 4
163 440 1
163 154 1
163 26 1
163 4 2
163 396 1
163 379 1
163 277 1
163 380 3
163 15 1
163 226 1
163 19 1
163 464 1
163 57 2
163 465 1
163 170 4
163 467 1
163 469 1
163 172 1
14 12 1
14 2 1
14 4 1
14 13 1
14 15 1
309 307 1
309 308 1
309 42 1
309 11 1
141 137 1
141 138 1
141 139 1
141 140 1
141 40 1
141 142 1
141 55 1
141 59 1
266 261 1
266 262 1
266 263 1
266 264 1
266 265 1
266 131 1
266 140 1
266 44 1
266 267 1
266 55 1
266 57 1
266 59 1
496 495 1
496 249 1
496 29 1
496 158 1
496 52 1
496 497 1
274 273 1
274 152 1
274 277 1
274 166 1
274 170 1
101 95 1
101 29 1
101 94 1
101 50 1
101 114 1
37 7 1
37 23 1
37 43 1
37 11 1
37 57 1
241 239 1
241 29 1
241 240 1
241 38 1
241 242 1
241 243 1
527 119 1
527 86 1
527 19 1
212 2 1
212 194 1
212 4 1
212 220 1
212 92 1
212 15 1
593 29 1
593 158 1
593 140 1
593 52 1
213 2 1
213 4 1
213 235 1
636 70 1
636 643 1
636 75 1
636 77 1
636 79 1
427 426 1
427 42 1
427 11 1
594 29 1
594 605 1
594 282 1
594 610 1
679 131 1
679 140 1
679 44 1
679 680 1
679 681 1
679 55 1
679 57 1
679 59 1
549 548 1
549 161 1
549 168 1
549 171 1
595 29 1
595 591 1
595 52 1
683 162 1
683 512 1
683 181 1
683 18 1
683 52 1
683 19 1
275 273 1
275 152 1
275 170 1
38 7 1
38 239 1
38 482 1
38 572 1
38 28 1
38 29 10
38 586 1
38 590 1
38 592 1
38 34 1
38 484 5
38 240 1
38 241 1
38 596 1
38 242 1
38 40 1
38 597 1
38 573 1
38 42 1
38 44 1
38 601 1
38 46 1
38 603 1
38 48 1
38 50 1
38 606 1
38 52 1
38 607 1
38 11 1
38 53 1
38 486 1
38 54 1
38 243 1
38 55 1
38 612 1
38 613 1
38 58 1
38 614 1
38 59 1
38 487 1
38 60 1
38 618 1
474 471 2
474 472 1
474 473 3
474 177 1
474 179 3
474 619 1
474 19 3
474 57 1
474 475 3
596 29 1
596 586 1
596 592 1
596 38 1
596 597 1
596 601 1
39 7 1
39 33 1
39 11 1
214 2 1
214 191 1
214 4 1
214 202 1
214 216 1
214 15 1
485 482 1
485 483 1
485 52 1
485 55 1
485 59 1
242 239 1
242 29 1
242 240 1
242 241 1
242 38 1
242 243 1
215 2 1
215 4 1
215 203 1
40 7 1
40 137 1
40 284 1
40 387 1
40 388 1
40 285 1
40 389 1
40 138 1
40 28 1
40 29 1
40 139 1
40 140 2
40 34 1
40 141 1
40 38 1
40 42 1
40 44 1
40 684 1
40 286 1
40 46 1
40 48 1
40 142 1
40 390 1
40 50 1
40 52 1
40 11 1
40 53 1
40 54 1
40 55 5
40 58 1
40 59 5
40 60 1
295 292 1
295 293 1
295 294 1
295 19 1
164 148 1
164 150 1
164 28 1
164 156 1
164 29 1
164 162 1
164 166 1
164 50 1
164 52 1
164 168 1
164 54 1
164 110 1
164 57 1
164 59 1
164 116 1
646 645 1
646 259 1
646 647 1
646 170 1
178 173 1
178 508 1
178 26 2
178 119 3
178 4 1
178 473 2
178 510 2
178 519 1
178 511 2
178 177 3
178 17 2
178 512 1
178 179 3
178 181 2
178 513 2
178 86 1
178 166 1
178 18 3
178 52 3
178 514 2
178 182 3
178 19 3
178 515 1
178 57 1
178 183 3
552 550 1
552 29 1
552 140 1
552 551 1
552 44 1
552 52 1
552 55 1
552 553 1
552 59 1
305 303 1
305 304 1
305 518 1
305 177 2
305 17 1
305 181 1
305 83 2
305 18 2
305 19 1
316 253 1
316 156 1
316 254 1
316 318 1
316 321 1
316 54 1
583 156 1
583 584 1
583 323 1
583 255 1
528 119 2
528 179 2
528 529 2
528 530 2
528 182 2
528 19 2
528 183 2
339 328 1
339 400 1
339 566 1
339 161 1
339 179 1
339 340 1
339 168 1
339 19 1
216 2 1
216 191 1
216 4 1
216 202 1
216 214 1
216 15 1
102 95 1
102 96 1
102 28 1
102 46 1
102 110 1
597 29 1
597 586 1
597 592 1
597 38 1
597 596 1
597 601 1
41 7 1
41 24 1
41 30 1
41 11 1
580 28 1
580 576 1
580 579 1
580 110 1
580 116 1
580 582 1
571 569 1
571 29 1
571 570 1
571 52 1
542 541 1
542 29 1
542 94 1
542 50 1
542 543 1
637 70 1
637 71 1
637 73 1
637 75 1
637 76 1
637 77 1
637 79 1
103 95 1
103 422 1
103 98 1
103 28 2
103 99 1
103 46 2
103 110 2
317 253 1
317 156 1
317 254 1
317 54 1
317 325 1
301 298 1
301 299 1
301 300 1
301 131 1
301 140 1
301 44 1
301 302 1
301 55 1
301 59 1
281 279 1
281 149 1
281 280 1
281 29 1
281 94 1
281 282 1
281 283 1
659 658 1
659 131 1
659 59 1
104 95 1
104 29 1
104 94 1
104 50 1
179 173 1
179 306 1
179 395 1
179 471 3
179 479 1
179 488 1
179 508 2
179 509 1
179 26 2
179 119 6
179 4 1
179 396 1
179 400 1
179 472 1
179 473 7
179 621 1
179 510 2
179 566 1
179 519 1
179 511 2
179 177 6
179 17 2
179 480 1
179 512 1
179 474 3
179 178 3
179 528 2
179 339 1
179 181 2
179 513 2
179 86 1
179 166 1
179 619 1
179 18 3
179 529 2
179 52 3
179 530 2
179 514 2
179 182 5
179 19 18
179 515 1
179 57 4
179 475 4
179 620 1
179 236 1
179 183 5
179 397 1
271 268 1
271 269 1
271 70 1
271 270 1
271 272 1
271 75 1
271 77 1
271 79 1
663 161 1
663 662 1
663 664 1
663 669 1
663 168 1
663 171 1
664 161 1
664 662 1
664 663 1
664 669 1
664 168 1
664 171 1
401 398 1
401 399 1
401 400 1
401 17 1
401 181 1
401 18 1
401 19 1
665 161 1
665 168 1
665 171 1
370 22 1
370 366 1
370 156 1
370 369 1
370 371 1
370 323 1
370 372 1
165 148 1
165 149 1
165 28 1
165 46 1
165 110 1
165 116 1
180 173 1
180 174 1
180 175 1
180 176 1
180 19 1
180 183 1
318 253 1
318 156 1
318 254 1
318 316 1
318 321 1
318 54 1
573 572 1
573 29 1
573 484 1
573 38 1
685 686 1
685 687 1
319 253 1
319 22 1
319 156 1
319 254 1
319 323 1
319 255 1
598 29 1
598 585 1
598 589 1
598 94 1
598 50 1
599 29 1
599 600 1
599 52 1
42 7 2
42 307 1
42 426 1
42 28 1
42 29 1
42 308 1
42 34 1
42 36 1
42 309 1
42 427 1
42 38 1
42 40 1
42 44 1
42 46 1
42 48 1
42 50 1
42 51 1
42 52 1
42 11 5
42 53 2
42 54 1
42 55 1
42 58 2
42 59 1
42 60 1
656 655 1
656 657 1
656 19 1
297 296 1
297 48 1
297 53 1
81 80 1
81 83 1
81 18 1
181 173 1
181 303 1
181 376 1
181 398 1
181 399 1
181 470 1
181 476 1
181 477 1
181 498 1
181 345 1
181 508 1
181 304 1
181 509 1
181 26 1
181 119 3
181 4 1
181 400 1
181 473 1
181 510 1
181 519 3
181 511 1
181 177 4
181 17 11
181 504 1
181 505 3
181 478 1
181 649 2
181 501 2
181 162 1
181 512 2
181 683 1
181 178 2
181 305 1
181 179 2
181 401 1
181 513 1
181 286 1
181 83 5
181 86 1
181 506 3
181 166 1
181 503 2
181 18 15
181 52 3
181 514 1
181 650 1
181 182 2
181 19 11
181 515 1
181 57 1
181 651 1
181 183 2
181 499 2
43 7 1
43 23 1
43 37 1
43 11 1
43 57 1
688 19 1
82 80 1
82 83 1
82 18 1
82 84 1
44 7 1
44 261 1
44 287 1
44 288 1
44 298 1
44 391 1
44 262 2
44 392 1
44 263 1
44 299 1
44 289 1
44 550 1
44 28 1
44 393 1
44 29 2
44 264 1
44 300 1
44 631 1
44 265 1
44 131 7
44 140 9
44 551 1
44 34 1
44 266 1
44 679 1
44 38 1
44 40 1
44 552 1
44 301 1
44 42 1
44 680 1
44 286 1
44 46 1
44 290 1
44 48 1
44 267 1
44 50 1
44 52 3
44 11 1
44 53 1
44 302 1
44 681 1
44 54 1
44 55 10
44 553 1
44 57 5
44 58 1
44 59 10
44 682 1
44 291 1
44 60 1
44 394 1
64 62 1
64 63 1
64 65 1
64 66 1
64 67 1
680 131 1
680 140 1
680 679 1
680 44 1
680 681 1
680 55 1
680 57 1
680 59 1
217 2 1
217 4 1
217 15 1
218 2 1
218 4 1
218 197 1
218 199 1
218 15 1
276 273 1
276 152 1
276 170 1
452 152 1
452 4 1
452 220 1
452 468 1
351 184 2
351 356 1
351 259 3
351 357 1
351 57 2
351 170 3
351 358 1
524 335 1
524 156 1
524 323 1
638 70 1
638 635 1
638 75 1
638 77 1
638 79 1
600 29 1
600 599 1
600 52 1
45 7 1
45 21 1
45 11 1
45 55 1
45 56 1
45 61 1
105 95 1
105 28 1
105 100 1
105 46 1
105 48 1
105 108 1
105 53 1
105 109 1
105 110 1
105 116 1
684 40 1
684 55 1
684 59 1
320 253 1
320 156 1
320 254 1
320 255 1
507 192 1
507 26 1
507 29 1
507 94 1
507 50 1
250 247 1
250 248 1
250 152 1
250 249 1
250 4 1
601 29 1
601 586 1
601 592 1
601 38 1
601 596 1
601 597 1
513 508 1
513 26 2
513 119 2
513 473 2
513 510 2
513 519 1
513 511 2
513 177 2
513 17 1
513 512 1
513 178 2
513 179 2
513 181 1
513 18 2
513 52 2
513 514 2
513 182 2
513 19 2
513 515 1
513 183 2
135 133 1
135 134 1
135 4 1
135 136 1
73 68 1
73 69 1
73 628 1
73 629 1
73 70 3
73 71 3
73 630 1
73 72 1
73 637 1
73 74 1
73 75 3
73 76 3
73 57 1
73 77 3
73 78 1
73 79 3
321 253 1
321 156 1
321 254 1
321 316 1
321 318 1
321 54 1
259 258 1
259 184 11
259 356 1
259 152 1
259 333 1
259 345 1
259 346 1
259 347 1
259 156 2
259 348 1
259 645 1
259 349 2
259 652 1
259 350 1
259 646 1
259 351 3
259 357 1
259 352 1
259 92 1
259 260 1
259 353 1
259 647 1
259 354 1
259 57 7
259 77 1
259 170 14
259 358 1
259 355 1
357 356 1
357 351 1
357 259 1
357 57 1
357 170 1
357 358 1
623 622 1
623 53 1
623 110 1
623 624 1
219 2 1
219 188 1
219 4 1
219 208 1
219 15 1
219 228 1
322 253 1
322 156 1
322 254 1
322 255 1
286 284 1
286 285 1
286 470 1
286 17 1
286 131 1
286 140 1
286 40 1
286 181 1
286 44 1
286 83 1
286 18 1
286 55 2
286 57 1
286 59 2
286 682 1
185 121 1
185 184 1
185 130 1
185 57 1
185 170 1
533 532 1
533 70 1
533 534 1
533 75 1
533 77 1
533 535 1
533 79 1
602 29 1
602 94 1
602 50 1
602 608 1
83 80 2
83 303 1
83 376 1
83 399 1
83 419 1
83 470 1
83 304 1
83 518 1
83 561 2
83 400 1
83 420 1
83 519 2
83 177 5
83 17 6
83 649 2
83 305 2
83 81 1
83 181 5
83 82 1
83 286 1
83 653 1
83 654 1
83 18 13
83 19 1
83 84 1
83 651 1
352 184 1
352 346 1
352 259 1
352 57 1
352 170 1
74 68 1
74 69 1
74 70 1
74 71 1
74 72 1
74 73 1
74 75 1
74 76 1
74 57 1
74 77 1
74 78 1
74 79 1
46 7 1
46 95 10
46 148 1
46 96 1
46 149 2
46 150 1
46 422 1
46 97 1
46 98 1
46 373 1
46 28 14
46 29 3
46 99 1
46 34 1
46 100 1
46 38 1
46 40 1
46 102 1
46 103 2
46 165 1
46 42 1
46 44 1
46 105 1
46 385 1
46 48 2
46 106 1
46 50 1
46 52 1
46 11 1
46 108 1
46 53 2
46 109 1
46 54 1
46 110 13
46 111 1
46 112 1
46 55 1
46 57 4
46 58 1
46 113 1
46 59 1
46 115 1
46 60 1
46 116 3
403 402 1
403 156 1
403 369 1
403 323 1
403 255 1
408 407 1
408 29 1
408 94 1
408 282 1
408 374 1
277 273 1
277 152 2
277 26 1
277 417 1
277 163 1
277 274 1
277 166 1
277 57 1
277 170 3
277 467 1
290 288 1
290 289 1
290 131 1
290 140 1
290 44 1
290 55 1
290 57 1
290 59 1
290 291 1
385 150 1
385 412 1
385 28 1
385 156 1
385 131 1
385 140 1
385 46 1
385 413 1
385 414 1
385 168 1
385 110 1
385 55 1
385 59 1
385 415 1
686 685 1
686 687 2
147 145 1
147 146 1
147 4 1
556 4 1
556 558 1
86 85 1
86 173 1
86 119 2
86 4 1
86 177 1
86 17 1
86 527 1
86 178 1
86 179 1
86 181 1
86 166 1
86 18 1
86 52 1
86 182 1
86 19 3
86 87 1
86 57 1
86 183 1
603 29 1
603 484 1
603 38 1
603 607 1
362 359 1
362 335 1
362 156 1
362 360 1
362 361 1
362 363 1
362 364 1
362 323 1
362 365 1
546 155 1
546 157 1
546 161 1
546 168 1
546 547 1
546 60 1
413 412 1
413 156 1
413 131 1
413 140 1
413 385 1
413 414 1
413 168 1
413 55 1
413 59 1
413 415 1
604 29 1
604 94 1
604 50 1
604 615 1
220 2 1
220 152 4
220 194 1
220 4 5
220 157 2
220 449 1
220 212 1
220 452 1
220 92 2
220 15 1
220 57 1
220 170 1
220 467 1
220 468 1
221 2 1
221 4 1
221 15 1
47 7 1
47 25 1
47 27 1
47 11 1
132 120 1
132 121 1
132 122 1
132 123 1
132 127 1
132 128 1
132 130 1
132 131 1
132 59 1
272 268 1
272 269 1
272 70 1
272 270 1
272 271 1
272 75 1
272 77 1
272 79 1
48 7 1
48 95 1
48 296 1
48 381 1
48 423 1
48 428 1
48 491 1
48 26 1
48 28 3
48 29 1
48 367 1
48 382 1
48 161 1
48 34 1
48 100 2
48 38 1
48 40 1
48 42 1
48 297 1
48 44 1
48 105 1
48 46 2
48 429 1
48 50 1
48 52 1
48 11 1
48 108 1
48 424 1
48 430 1
48 53 9
48 425 1
48 109 1
48 54 1
48 110 1
48 383 1
48 55 1
48 57 2
48 58 2
48 59 1
48 60 1
48 116 2
453 152 1
453 154 1
453 448 1
453 170 1
653 17 1
653 83 1
653 654 1
653 18 1
506 345 1
506 509 1
506 119 1
506 17 2
506 504 1
506 505 3
506 501 2
506 181 3
506 503 2
506 18 3
506 19 3
506 499 1
494 491 1
494 249 1
494 492 1
494 161 1
494 493 1
494 168 1
494 60 1
142 137 1
142 138 1
142 139 1
142 140 1
142 141 1
142 40 1
142 55 1
142 59 1
380 378 3
380 152 2
380 440 1
380 4 1
380 396 1
380 379 1
380 163 3
380 19 1
380 464 1
380 465 1
380 170 2
380 467 1
380 469 1
363 359 1
363 335 1
363 156 1
363 360 1
363 361 1
363 362 1
363 364 1
363 323 1
363 365 1
626 625 1
626 70 1
626 177 1
626 75 1
626 627 1
626 77 1
626 79 1
340 328 9
340 329 1
340 330 1
340 331 1
340 332 1
340 333 1
340 334 1
340 192 1
340 335 1
340 336 1
340 156 3
340 337 1
340 161 5
340 338 1
340 339 1
340 341 1
340 168 7
340 342 1
340 343 1
340 344 1
639 70 1
639 75 1
639 644 1
639 77 1
639 79 1
414 412 1
414 156 1
414 131 1
414 140 1
414 385 1
414 413 1
414 168 1
414 55 1
414 59 1
414 415 1
222 2 1
222 4 1
222 15 1
454 152 1
454 451 1
454 456 1
454 170 1
640 70 1
640 75 1
640 77 1
640 79 1
666 161 1
666 667 1
666 168 1
666 672 1
666 171 1
534 532 1
534 70 1
534 533 1
534 75 1
534 77 1
534 535 1
534 79 1
429 428 1
429 48 1
429 430 1
429 53 1
49 7 1
49 20 1
49 22 1
49 26 1
49 32 1
49 11 1
667 161 1
667 666 1
667 168 1
667 672 1
667 171 1
557 4 1
557 92 1
410 409 1
410 70 1
410 75 1
410 76 1
410 77 1
410 78 1
410 79 1
410 411 1
668 161 1
668 168 1
668 60 1
605 29 1
605 594 1
605 282 1
605 610 1
669 161 1
669 662 1
669 663 1
669 664 1
669 168 1
669 171 1
166 148 1
166 173 1
166 273 1
166 150 1
166 152 1
166 119 1
166 4 1
166 28 1
166 156 1
166 29 1
166 177 1
166 17 1
166 162 1
166 274 1
166 164 1
166 178 1
166 179 1
166 181 1
166 277 1
166 86 1
166 50 1
166 18 1
166 52 2
166 168 1
166 54 1
166 182 1
166 110 1
166 19 1
166 57 2
166 59 1
166 170 1
166 116 1
166 183 1
654 17 1
654 83 1
654 653 1
654 18 1
641 70 2
641 177 1
641 630 1
641 75 2
641 77 2
641 79 2
390 387 1
390 388 1
390 389 1
390 140 1
390 40 1
390 55 1
390 59 1
642 70 1
642 75 1
642 77 1
642 79 1
144 143 1
144 2 1
144 4 1
144 15 1
632 629 1
632 70 1
632 75 1
632 633 1
632 77 1
632 79 1
619 473 1
619 474 1
619 179 1
619 19 1
619 475 1
106 95 1
106 28 1
106 46 1
106 110 1
106 111 1
106 112 1
223 2 2
223 189 2
223 4 2
223 92 2
223 15 2
223 227 2
503 502 1
503 345 1
503 17 1
503 504 1
503 505 2
503 501 3
503 181 2
503 506 2
503 18 2
503 19 2
278 273 1
278 377 1
278 152 2
278 154 1
278 57 1
278 170 2
584 156 1
584 583 1
584 323 1
584 255 1
92 88 1
92 2 11
92 89 1
92 189 2
92 90 2
92 91 2
92 152 1
92 3 1
92 190 1
92 119 2
92 194 3
92 4 13
92 198 1
92 157 1
92 652 1
92 209 1
92 212 1
92 259 1
92 220 2
92 557 1
92 223 2
92 15 8
92 224 1
92 227 3
92 5 1
92 19 2
92 231 1
92 232 1
92 689 1
92 234 1
92 170 1
92 531 2
92 235 1
92 467 1
92 236 3
92 238 2
455 152 1
455 460 1
455 170 1
267 261 1
267 262 1
267 263 1
267 264 1
267 265 1
267 131 1
267 140 1
267 266 1
267 44 1
267 55 1
267 57 1
267 59 1
282 279 1
282 149 1
282 407 1
282 280 1
282 29 6
282 587 1
282 588 1
282 94 5
282 594 1
282 281 1
282 408 1
282 605 1
282 610 1
282 611 1
282 283 1
282 374 2
282 617 1
50 7 1
50 93 1
50 95 3
50 148 1
50 150 1
50 432 1
50 433 1
50 434 1
50 192 1
50 26 1
50 539 1
50 541 1
50 417 1
50 28 2
50 156 1
50 29 12
50 585 1
50 589 1
50 34 1
50 94 10
50 162 1
50 101 1
50 38 1
50 40 1
50 164 1
50 542 1
50 104 1
50 598 1
50 42 1
50 44 1
50 507 1
50 602 1
50 46 1
50 604 1
50 48 1
50 166 1
50 107 1
50 52 2
50 540 1
50 168 1
50 11 1
50 53 1
50 435 1
50 608 1
50 54 2
50 110 1
50 55 1
50 57 1
50 58 1
50 59 2
50 114 1
50 543 1
50 60 1
50 116 1
50 615 1
690 53 1
107 95 1
107 29 1
107 94 1
107 50 1
15 12 1
15 88 1
15 143 2
15 2 28
15 186 1
15 89 1
15 188 2
15 189 2
15 90 2
15 91 2
15 152 1
15 3 1
15 190 1
15 191 1
15 193 1
15 194 3
15 195 1
15 4 28
15 197 2
15 198 1
15 13 1
15 199 1
15 200 1
15 202 1
15 204 1
15 205 1
15 206 1
15 207 1
15 208 1
15 209 1
15 210 1
15 211 1
15 163 1
15 14 1
15 212 1
15 214 1
15 216 1
15 217 1
15 218 1
15 219 1
15 220 1
15 221 1
15 222 1
15 144 1
15 223 2
15 92 8
15 225 1
15 226 1
15 227 3
15 228 1
15 5 1
15 231 1
15 232 1
15 233 1
15 235 1
15 236 1
15 238 2
224 2 1
224 4 1
224 92 1
643 70 1
643 636 1
643 75 1
643 77 1
643 79 1
18 16 1
18 80 2
18 173 1
18 244 1
18 303 1
18 376 1
18 398 1
18 399 2
18 419 1
18 431 1
18 470 1
18 476 1
18 481 1
18 477 1
18 498 1
18 345 1
18 508 1
18 304 1
18 509 1
18 518 1
18 26 2
18 119 5
18 4 1
18 561 2
18 400 2
18 473 2
18 420 1
18 510 2
18 519 4
18 511 2
18 177 8
18 17 14
18 504 1
18 505 3
18 478 1
18 649 2
18 501 2
18 162 1
18 512 2
18 683 1
18 178 3
18 305 2
18 179 3
18 401 1
18 81 1
18 181 15
18 82 1
18 513 2
18 286 1
18 83 13
18 86 1
18 653 1
18 506 3
18 166 1
18 654 1
18 503 2
18 52 4
18 514 2
18 650 1
18 182 4
18 19 20
18 515 1
18 687 2
18 84 1
18 245 1
18 57 1
18 691 1
18 651 1
18 246 1
18 183 4
18 499 2
251 247 1
251 248 1
251 152 1
251 4 1
251 157 1
657 655 1
657 656 1
657 19 1
529 119 2
529 528 2
529 179 2
529 530 2
529 182 2
529 19 2
529 183 2
260 258 1
260 184 1
260 152 2
260 192 1
260 154 1
260 156 1
260 444 1
260 450 1
260 259 1
260 57 1
260 77 1
260 170 2
606 29 1
606 38 1
75 68 1
75 268 2
75 409 1
75 421 1
75 69 1
75 532 1
75 538 1
75 625 1
75 269 1
75 628 1
75 629 3
75 70 21
75 71 3
75 177 2
75 630 2
75 635 1
75 270 1
75 72 1
75 636 1
75 637 1
75 271 1
75 638 1
75 73 3
75 533 1
75 74 1
75 272 1
75 626 1
75 639 1
75 640 1
75 534 1
75 410 1
75 641 2
75 642 1
75 632 1
75 643 1
75 633 1
75 76 4
75 644 1
75 627 2
75 57 3
75 77 21
75 535 1
75 78 2
75 634 2
75 79 21
75 411 1
51 7 1
51 36 1
51 42 1
51 11 1
456 152 1
456 451 1
456 454 1
456 170 1
257 256 1
257 29 1
257 52 1
341 328 1
341 331 1
341 336 1
341 156 1
341 340 1
457 152 1
457 445 1
457 170 1
458 152 1
458 154 1
458 441 1
458 170 1
692 77 2
371 22 1
371 366 1
371 156 1
371 369 1
371 370 1
371 323 1
371 372 1
52 7 1
52 120 1
52 148 3
52 173 1
52 121 1
52 256 1
52 124 1
52 150 1
52 151 1
52 391 1
52 392 1
52 482 1
52 495 1
52 249 1
52 192 1
52 508 1
52 26 3
52 119 3
52 125 1
52 550 1
52 554 1
52 4 1
52 126 1
52 569 1
52 574 1
52 28 2
52 393 1
52 156 1
52 29 16
52 473 2
52 510 2
52 519 1
52 591 1
52 158 7
52 570 1
52 511 2
52 129 1
52 130 1
52 483 1
52 177 3
52 17 2
52 140 4
52 551 1
52 34 1
52 162 2
52 512 2
52 496 1
52 593 1
52 595 1
52 683 1
52 38 1
52 485 1
52 40 1
52 164 1
52 178 3
52 552 1
52 571 1
52 179 3
52 599 1
52 42 1
52 181 3
52 44 3
52 600 1
52 513 2
52 46 1
52 86 1
52 48 1
52 166 2
52 50 2
52 18 4
52 257 1
52 167 1
52 168 1
52 11 1
52 53 1
52 575 1
52 514 2
52 54 2
52 609 1
52 182 3
52 110 1
52 19 4
52 515 1
52 55 4
52 553 1
52 57 2
52 58 1
52 59 7
52 520 1
52 60 1
52 116 1
52 497 1
52 394 1
52 183 3
52 616 1
225 2 1
225 4 1
225 15 1
540 539 1
540 29 1
540 50 1
167 148 1
167 29 1
167 158 1
167 52 1
678 676 1
678 131 1
678 677 1
678 57 1
678 59 1
459 152 2
459 439 1
459 345 1
459 154 2
459 444 2
459 462 1
459 57 2
459 170 2
168 148 3
168 328 7
168 150 1
168 329 1
168 330 1
168 412 1
168 332 1
168 491 1
168 153 1
168 500 1
168 333 1
168 334 1
168 249 1
168 192 1
168 516 1
168 155 2
168 548 1
168 492 1
168 28 1
168 156 3
168 29 1
168 157 2
168 337 1
168 159 1
168 160 1
168 161 20
168 338 1
168 660 1
168 661 1
168 131 1
168 140 2
168 162 1
168 493 1
168 662 1
168 549 1
168 164 1
168 339 1
168 663 1
168 664 1
168 665 1
168 385 1
168 546 1
168 413 1
168 494 1
168 340 7
168 414 1
168 666 1
168 667 1
168 668 1
168 669 1
168 166 1
168 50 1
168 52 1
168 670 1
168 54 1
168 110 1
168 55 1
168 342 1
168 57 1
168 671 1
168 59 2
168 547 1
168 415 1
168 672 1
168 169 1
168 673 1
168 60 7
168 116 1
168 674 1
168 675 1
168 344 1
168 171 8
607 29 1
607 484 1
607 38 1
607 603 1
353 184 1
353 349 1
353 259 1
353 170 1
364 359 1
364 335 1
364 156 1
364 360 1
364 361 1
364 362 1
364 363 1
364 323 1
364 365 1
11 6 1
11 7 10
11 20 1
11 21 1
11 307 1
11 22 1
11 416 1
11 23 1
11 426 1
11 24 1
11 25 1
11 26 1
11 27 1
11 417 1
11 8 1
11 28 1
11 29 1
11 308 1
11 30 1
11 418 1
11 9 1
11 31 1
11 32 1
11 10 1
11 33 1
11 34 1
11 35 1
11 36 1
11 309 1
11 37 1
11 427 1
11 38 1
11 39 1
11 40 1
11 41 1
11 42 5
11 43 1
11 44 1
11 45 1
11 46 1
11 47 1
11 48 1
11 49 1
11 50 1
11 51 1
11 52 1
11 53 2
11 54 1
11 55 2
11 56 1
11 57 2
11 58 2
11 59 1
11 60 1
11 61 1
65 62 1
65 63 1
65 64 1
65 66 1
65 67 1
226 2 1
226 188 1
226 4 1
226 163 1
226 15 1
108 95 1
108 28 1
108 100 1
108 105 1
108 46 1
108 48 1
108 53 1
108 109 1
108 110 1
108 116 1
460 152 1
460 455 1
460 170 1
647 645 1
647 646 1
647 259 1
647 170 1
424 423 1
424 161 1
424 48 1
424 53 1
424 425 1
430 428 1
430 48 1
430 429 1
430 53 1
227 2 3
227 189 2
227 90 1
227 91 1
227 194 1
227 4 3
227 223 2
227 92 3
227 15 3
227 231 1
227 238 1
53 7 1
53 95 1
53 296 1
53 381 1
53 428 1
53 489 1
53 491 1
53 26 1
53 490 1
53 28 2
53 29 1
53 622 1
53 367 1
53 382 1
53 34 1
53 100 1
53 38 1
53 40 1
53 42 2
53 297 1
53 44 1
53 105 1
53 623 1
53 46 2
53 48 8
53 429 1
53 50 1
53 690 1
53 52 1
53 693 5
53 11 2
53 108 1
53 430 1
53 109 1
53 54 1
53 110 2
53 383 1
53 55 1
53 57 1
53 58 3
53 59 1
53 624 1
53 60 1
53 116 1
435 432 1
435 433 1
435 434 1
435 417 1
435 94 1
435 50 1
461 152 1
461 4 1
461 447 1
462 152 1
462 439 1
462 154 1
462 444 1
462 459 1
462 57 1
462 170 1
670 161 1
670 168 1
670 171 1
608 29 1
608 94 1
608 602 1
608 50 1
633 629 1
633 70 1
633 632 1
633 75 1
633 77 1
633 79 1
228 2 1
228 188 1
228 4 1
228 208 1
228 219 1
228 15 1
425 423 1
425 161 1
425 48 1
425 424 1
425 53 1
558 4 1
558 556 1
76 68 1
76 409 1
76 69 1
76 628 1
76 629 1
76 70 4
76 71 3
76 630 1
76 72 1
76 637 1
76 73 3
76 74 1
76 410 1
76 75 4
76 57 1
76 77 4
76 78 2
76 79 4
76 411 1
5 1 1
5 2 2
5 3 2
5 190 1
5 4 2
5 92 1
5 15 1
564 562 1
564 29 1
564 563 1
564 57 1
463 152 1
463 439 1
463 154 1
463 170 1
530 119 2
530 528 2
530 179 2
530 529 2
530 182 2
530 19 2
530 183 2
323 253 1
323 359 1
323 22 2
323 366 1
323 402 1
323 404 1
323 406 1
323 335 5
323 523 1
323 156 10
323 405 1
323 254 1
323 360 1
323 361 1
323 369 2
323 583 1
323 370 1
323 319 1
323 524 1
323 403 1
323 362 1
323 363 1
323 584 1
323 371 1
323 364 1
323 365 1
323 372 2
323 255 4
302 298 1
302 299 1
302 300 1
302 131 1
302 140 1
302 301 1
302 44 1
302 55 1
302 59 1
438 436 1
438 437 1
438 19 1
486 482 1
486 29 1
486 484 1
486 38 1
486 487 1
109 95 1
109 28 1
109 100 1
109 105 1
109 46 1
109 48 1
109 108 1
109 53 1
109 110 1
109 116 1
559 4 1
559 555 1
559 560 1
681 131 1
681 140 1
681 679 1
681 44 1
681 680 1
681 55 1
681 57 1
681 59 1
575 574 1
575 29 1
575 158 1
575 52 1
644 70 1
644 639 1
644 75 1
644 77 1
644 79 1
324 253 1
324 156 1
324 254 1
324 54 1
514 508 1
514 26 2
514 119 2
514 473 2
514 510 2
514 519 1
514 511 2
514 177 2
514 17 1
514 512 1
514 178 2
514 179 2
514 181 1
514 513 2
514 18 2
514 52 2
514 182 2
514 19 2
514 515 1
514 183 2
229 2 1
229 187 1
229 152 1
229 4 1
229 201 1
229 230 1
229 170 1
54 7 1
54 148 1
54 253 10
54 150 1
54 311 1
54 312 1
54 192 1
54 28 2
54 156 11
54 314 1
54 29 2
54 254 10
54 34 1
54 162 1
54 315 1
54 38 1
54 40 1
54 164 1
54 316 1
54 317 1
54 318 1
54 42 1
54 44 1
54 321 1
54 46 1
54 48 1
54 166 1
54 50 2
54 52 2
54 168 1
54 11 1
54 53 1
54 324 1
54 110 1
54 325 1
54 55 1
54 57 1
54 58 1
54 59 2
54 326 1
54 60 1
54 116 1
54 327 1
354 184 1
354 259 1
354 170 1
609 29 1
609 52 1
650 519 1
650 17 1
650 181 1
650 18 1
650 19 1
182 173 1
182 481 1
182 508 1
182 26 2
182 119 7
182 4 1
182 525 1
182 473 2
182 510 2
182 519 1
182 511 2
182 177 3
182 17 2
182 512 1
182 178 3
182 528 2
182 179 5
182 181 2
182 513 2
182 86 1
182 166 1
182 18 4
182 529 2
182 52 3
182 530 2
182 514 2
182 19 7
182 515 1
182 57 1
182 183 6
66 62 1
66 63 1
66 64 1
66 65 1
66 67 1
243 239 1
243 29 1
243 240 1
243 241 1
243 38 1
243 242 1
230 2 1
230 187 1
230 152 1
230 4 1
230 201 1
230 229 1
230 170 1
110 95 9
110 148 2
110 96 1
110 22 1
110 149 3
110 150 2
110 422 1
110 97 1
110 192 1
110 26 1
110 98 1
110 373 1
110 28 20
110 156 1
110 29 2
110 622 1
110 576 1
110 577 1
110 367 1
110 99 1
110 578 1
110 579 1
110 162 1
110 100 2
110 164 1
110 102 1
110 580 1
110 103 2
110 165 1
110 105 1
110 623 1
110 46 13
110 385 1
110 48 1
110 166 1
110 106 1
110 50 1
110 52 1
110 168 1
110 108 1
110 53 2
110 109 1
110 54 1
110 111 1
110 112 1
110 57 5
110 113 1
110 59 1
110 581 1
110 624 1
110 115 1
110 116 10
110 374 1
110 582 1
110 375 1
325 253 1
325 156 1
325 254 1
325 317 1
325 54 1
383 381 1
383 382 1
383 48 1
383 53 1
365 359 1
365 335 1
365 156 1
365 360 1
365 361 1
365 362 1
365 363 1
365 364 1
365 323 1
19 16 1
19 85 1
19 117 1
19 173 2
19 244 1
19 118 1
19 174 1
19 292 1
19 303 1
19 306 1
19 395 1
19 398 1
19 399 1
19 293 1
19 431 1
19 436 1
19 152 1
19 471 3
19 476 1
19 479 1
19 481 1
19 477 1
19 175 1
19 488 1
19 498 1
19 345 1
19 508 2
19 304 1
19 440 1
19 509 2
19 26 2
19 119 14
19 544 1
19 4 2
19 396 2
19 525 1
19 437 2
19 400 2
19 567 2
19 28 1
19 472 1
19 473 7
19 621 1
19 648 1
19 510 2
19 566 1
19 519 2
19 176 1
19 526 1
19 511 2
19 177 7
19 17 9
19 504 1
19 655 1
19 505 3
19 478 1
19 480 1
19 294 1
19 501 2
19 162 1
19 512 2
19 163 1
19 527 1
19 683 1
19 474 3
19 295 1
19 178 3
19 305 1
19 528 2
19 339 1
19 179 18
19 401 1
19 180 1
19 656 1
19 181 11
19 688 1
19 513 2
19 83 1
19 86 3
19 506 3
19 380 1
19 166 1
19 619 1
19 503 2
19 92 2
19 18 20
19 657 1
19 529 2
19 52 4
19 530 2
19 438 1
19 514 2
19 650 1
19 182 7
19 515 1
19 687 2
19 464 1
19 87 1
19 245 1
19 57 4
19 465 1
19 691 1
19 568 2
19 565 1
19 475 4
19 620 1
19 545 1
19 531 2
19 246 1
19 467 1
19 236 1
19 183 7
19 397 1
19 499 2
19 469 1
515 508 1
515 26 1
515 119 1
515 473 1
515 510 1
515 511 1
515 177 1
515 17 1
515 512 1
515 178 1
515 179 1
515 181 1
515 513 1
515 18 1
515 52 1
515 514 1
515 182 1
515 19 1
515 183 1
111 95 1
111 28 1
111 46 1
111 106 1
111 110 1
111 112 1
112 95 1
112 28 1
112 46 1
112 106 1
112 110 1
112 111 1
231 2 1
231 90 1
231 91 1
231 194 1
231 4 1
231 92 1
231 15 1
231 227 1
231 238 1
610 29 1
610 594 1
610 605 1
610 282 1
232 2 1
232 194 1
232 4 1
232 198 1
232 92 1
232 15 1
232 235 1
232 238 1
687 685 1
687 686 2
687 18 2
687 19 2
55 7 2
55 137 1
55 21 1
55 261 1
55 284 1
55 287 1
55 288 1
55 298 1
55 387 1
55 391 1
55 262 2
55 388 1
55 412 1
55 285 1
55 392 1
55 263 1
55 299 1
55 389 1
55 482 1
55 521 1
55 289 1
55 550 1
55 138 1
55 28 1
55 393 1
55 156 1
55 29 2
55 264 1
55 300 1
55 631 1
55 139 1
55 265 1
55 483 1
55 131 9
55 140 12
55 551 1
55 34 1
55 141 1
55 266 1
55 679 1
55 38 1
55 485 1
55 40 5
55 552 1
55 301 1
55 42 1
55 44 10
55 680 1
55 45 1
55 684 1
55 286 2
55 46 1
55 290 1
55 385 1
55 413 1
55 48 1
55 142 1
55 414 1
55 390 1
55 267 1
55 50 1
55 52 4
55 168 1
55 11 2
55 53 1
55 302 1
55 681 1
55 54 1
55 56 1
55 553 1
55 57 6
55 58 1
55 59 17
55 415 1
55 682 1
55 291 1
55 60 1
55 394 1
55 61 1
67 62 1
67 63 1
67 64 1
67 65 1
67 66 1
611 29 1
611 94 1
611 282 1
611 617 1
612 29 1
612 590 1
612 484 1
612 38 1
464 152 1
464 440 1
464 4 1
464 396 1
464 163 1
464 380 1
464 19 1
464 465 1
464 467 1
464 469 1
56 7 1
56 21 1
56 45 1
56 11 1
56 55 1
56 61 1
342 328 1
342 330 1
342 161 1
342 340 1
342 168 1
627 625 1
627 70 2
627 177 1
627 626 1
627 75 2
627 57 1
627 77 2
627 79 2
233 2 1
233 4 1
233 205 1
233 206 1
233 15 1
84 80 1
84 82 1
84 83 1
84 18 1
87 85 1
87 86 1
87 19 1
553 550 1
553 29 1
553 140 1
553 551 1
553 552 1
553 44 1
553 52 1
553 55 1
553 59 1
245 244 1
245 18 1
245 19 1
245 246 1
57 7 1
57 68 1
57 95 4
57 148 2
57 173 1
57 121 1
57 261 1
57 268 1
57 287 1
57 288 1
57 184 7
57 356 1
57 377 1
57 150 1
57 262 2
57 416 1
57 263 1
57 23 1
57 152 9
57 471 2
57 439 1
57 333 2
57 345 3
57 192 1
57 69 1
57 154 6
57 26 2
57 521 1
57 119 1
57 289 1
57 346 1
57 417 1
57 4 2
57 562 1
57 28 6
57 156 3
57 29 4
57 473 2
57 444 3
57 621 1
57 264 1
57 563 1
57 418 1
57 70 3
57 71 1
57 449 1
57 265 1
57 349 2
57 130 1
57 177 4
57 17 1
57 676 1
57 131 8
57 140 5
57 677 1
57 450 1
57 162 1
57 100 2
57 72 1
57 163 2
57 266 1
57 37 1
57 679 1
57 474 1
57 164 1
57 178 1
57 179 4
57 181 1
57 43 1
57 44 5
57 680 1
57 351 2
57 73 1
57 259 7
57 357 1
57 286 1
57 185 1
57 352 1
57 74 1
57 46 4
57 277 1
57 290 1
57 86 1
57 220 1
57 48 2
57 166 2
57 278 1
57 267 1
57 50 1
57 18 1
57 260 1
57 75 3
57 52 2
57 678 1
57 459 2
57 168 1
57 11 2
57 53 1
57 462 1
57 76 1
57 564 1
57 681 1
57 54 1
57 182 1
57 110 5
57 19 4
57 55 6
57 627 1
57 58 1
57 113 1
57 59 9
57 77 3
57 78 1
57 682 1
57 475 2
57 291 1
57 170 17
57 358 1
57 116 3
57 183 1
57 79 3
57 172 1
465 152 1
465 440 1
465 4 1
465 396 1
465 163 1
465 380 1
465 19 1
465 464 1
465 467 1
465 469 1
372 22 1
372 366 1
372 156 2
372 369 1
372 370 1
372 371 1
372 323 2
372 255 1
613 29 1
613 484 1
613 38 1
613 614 1
58 7 1
58 28 1
58 29 1
58 34 1
58 38 1
58 40 1
58 42 2
58 44 1
58 46 1
58 48 2
58 50 1
58 52 1
58 11 2
58 53 3
58 54 1
58 55 1
58 57 1
58 59 1
58 60 1
283 279 1
283 149 1
283 280 1
283 29 1
283 94 1
283 281 1
283 282 1
689 92 1
614 29 1
614 484 1
614 38 1
614 613 1
694 170 1
671 161 1
671 660 1
671 661 1
671 168 1
671 674 1
671 171 1
113 95 1
113 28 1
113 29 1
113 46 1
113 110 1
113 57 1
691 18 1
691 19 1
59 7 1
59 120 2
59 137 1
59 148 1
59 121 2
59 122 1
59 123 1
59 261 1
59 284 1
59 287 1
59 288 1
59 124 1
59 298 1
59 150 1
59 387 1
59 391 1
59 262 2
59 388 1
59 412 1
59 285 1
59 392 1
59 263 1
59 299 1
59 389 1
59 482 1
59 192 1
59 517 1
59 521 1
59 536 1
59 289 1
59 125 1
59 550 1
59 138 1
59 126 1
59 28 2
59 393 1
59 156 2
59 29 3
59 264 1
59 300 1
59 631 1
59 139 1
59 127 1
59 265 1
59 128 1
59 129 1
59 130 2
59 483 1
59 658 1
59 676 1
59 131 15
59 140 12
59 677 1
59 551 1
59 34 1
59 162 1
59 537 1
59 141 1
59 266 1
59 679 1
59 38 1
59 485 1
59 40 5
59 164 1
59 552 1
59 301 1
59 659 1
59 42 1
59 44 10
59 680 1
59 684 1
59 286 2
59 46 1
59 290 1
59 385 1
59 413 1
59 132 1
59 48 1
59 142 1
59 414 1
59 166 1
59 390 1
59 267 1
59 50 2
59 52 7
59 678 1
59 168 2
59 11 1
59 53 1
59 302 1
59 681 1
59 54 2
59 110 1
59 55 17
59 553 1
59 57 9
59 58 1
59 415 1
59 682 1
59 291 1
59 60 1
59 116 1
59 394 1
77 68 1
77 258 1
77 268 2
77 184 1
77 409 1
77 421 1
77 152 1
77 69 1
77 532 1
77 538 1
77 156 1
77 625 1
77 269 1
77 628 1
77 629 3
77 70 21
77 71 3
77 177 2
77 630 2
77 635 1
77 270 1
77 72 1
77 636 1
77 637 1
77 271 1
77 638 1
77 73 3
77 259 1
77 533 1
77 74 1
77 272 1
77 626 1
77 639 1
77 640 1
77 534 1
77 410 1
77 641 2
77 642 1
77 632 1
77 643 1
77 260 1
77 75 21
77 692 2
77 633 1
77 76 4
77 644 1
77 627 2
77 57 3
77 535 1
77 78 2
77 170 1
77 634 2
77 79 21
77 411 1
535 532 1
535 70 1
535 533 1
535 534 1
535 75 1
535 77 1
535 79 1
547 155 1
547 157 1
547 161 1
547 546 1
547 168 1
547 60 1
114 95 1
114 29 1
114 94 1
114 101 1
114 50 1
78 68 1
78 409 1
78 69 1
78 70 2
78 71 1
78 72 1
78 73 1
78 74 1
78 410 1
78 75 2
78 76 2
78 57 1
78 77 2
78 79 2
78 411 1
568 567 2
568 19 2
565 437 1
565 19 1
234 2 1
234 4 1
234 92 1
234 236 1
415 412 1
415 156 1
415 131 1
415 140 1
415 385 1
415 413 1
415 414 1
415 168 1
415 55 1
415 59 1
682 131 1
682 140 1
682 44 1
682 286 1
682 55 1
682 57 1
682 59 1
520 26 1
520 29 1
520 158 1
520 52 1
466 152 1
466 4 1
475 471 3
475 472 1
475 473 4
475 177 2
475 474 3
475 179 4
475 619 1
475 19 4
475 57 2
326 253 1
326 156 1
326 254 1
326 54 1
672 161 1
672 666 1
672 667 1
672 168 1
672 171 1
169 148 1
169 153 1
169 159 1
169 160 1
169 161 1
169 140 1
169 168 1
169 171 1
291 288 1
291 289 1
291 131 1
291 140 1
291 44 1
291 290 1
291 55 1
291 57 1
291 59 1
620 473 1
620 179 1
620 19 1
545 544 1
545 19 1
651 519 1
651 17 1
651 649 1
651 181 1
651 83 1
651 18 1
581 28 1
581 577 1
581 110 1
581 116 1
543 541 1
543 29 1
543 94 1
543 542 1
543 50 1
624 622 1
624 623 1
624 53 1
624 110 1
170 148 1
170 121 1
170 2 1
170 258 1
170 273 4
170 187 1
170 184 12
170 356 1
170 377 1
170 378 3
170 384 1
170 152 25
170 439 2
170 333 1
170 345 2
170 192 1
170 154 10
170 26 2
170 441 1
170 346 1
170 4 2
170 347 1
170 156 3
170 443 1
170 444 3
170 445 1
170 348 1
170 446 2
170 645 1
170 448 1
170 449 1
170 201 1
170 349 2
170 652 1
170 130 1
170 379 1
170 350 1
170 450 1
170 451 1
170 163 4
170 274 1
170 275 1
170 646 1
170 276 1
170 351 3
170 259 14
170 357 1
170 185 1
170 352 1
170 277 3
170 220 1
170 453 1
170 380 2
170 454 1
170 166 1
170 278 2
170 92 1
170 455 1
170 260 2
170 456 1
170 457 1
170 458 1
170 459 2
170 353 1
170 460 1
170 647 1
170 462 1
170 463 1
170 229 1
170 354 1
170 230 1
170 57 17
170 694 1
170 77 1
170 358 1
170 355 1
170 172 1
358 356 1
358 351 1
358 259 1
358 357 1
358 57 1
358 170 1
634 629 1
634 70 2
634 75 2
634 77 2
634 79 2
115 95 1
115 28 1
115 46 1
115 110 1
487 482 1
487 29 1
487 484 1
487 38 1
487 486 1
355 184 1
355 347 1
355 259 1
355 170 1
673 161 1
673 168 1
673 60 1
531 119 2
531 92 2
531 19 2
560 4 1
560 555 1
560 559 1
255 252 1
255 253 6
255 310 1
255 22 1
255 402 1
255 313 1
255 156 9
255 254 6
255 369 1
255 583 1
255 319 1
255 320 1
255 322 1
255 403 1
255 584 1
255 323 4
255 372 1
246 244 1
246 18 1
246 19 1
246 245 1
60 7 1
60 148 1
60 491 1
60 249 1
60 516 1
60 155 2
60 492 1
60 28 1
60 29 1
60 157 2
60 161 7
60 34 1
60 493 1
60 38 1
60 40 1
60 42 1
60 44 1
60 46 1
60 546 1
60 48 1
60 494 1
60 668 1
60 50 1
60 52 1
60 168 7
60 11 1
60 53 1
60 54 1
60 55 1
60 58 1
60 59 1
60 547 1
60 673 1
60 675 1
136 133 1
136 134 1
136 4 1
136 135 1
235 2 2
235 194 1
235 4 2
235 198 1
235 213 1
235 92 1
235 15 1
235 232 1
235 238 1
116 95 1
116 148 2
116 22 1
116 149 3
116 150 1
116 192 1
116 26 1
116 373 1
116 28 11
116 156 1
116 29 1
116 576 1
116 577 1
116 367 1
116 578 1
116 579 1
116 162 1
116 100 3
116 164 1
116 580 1
116 165 1
116 105 1
116 46 3
116 48 2
116 166 1
116 50 1
116 52 1
116 168 1
116 108 1
116 53 1
116 109 1
116 54 1
116 110 10
116 57 3
116 59 1
116 581 1
116 374 1
116 582 1
116 375 1
497 495 1
497 249 1
497 29 1
497 158 1
497 496 1
497 52 1
343 328 1
343 335 1
343 156 1
343 340 1
467 152 2
467 440 1
467 417 1
467 4 2
467 396 1
467 157 1
467 163 1
467 277 1
467 220 1
467 380 1
467 92 1
467 19 1
467 464 1
467 465 1
467 469 1
674 161 1
674 660 1
674 661 1
674 168 1
674 671 1
674 171 1
675 161 1
675 168 1
675 60 1
236 2 3
236 4 3
236 177 1
236 209 1
236 179 1
236 92 3
236 15 1
236 19 1
236 234 1
237 2 1
237 4 1
615 29 1
615 94 1
615 604 1
615 50 1
394 391 1
394 392 1
394 393 1
394 140 1
394 44 1
394 52 1
394 55 1
394 59 1
374 149 1
374 407 1
374 28 1
374 29 2
374 587 1
374 94 2
374 408 1
374 282 2
374 110 1
374 116 1
374 375 1
183 173 2
183 174 1
183 481 1
183 175 1
183 508 1
183 26 2
183 119 6
183 4 1
183 473 2
183 510 2
183 519 1
183 176 1
183 511 2
183 177 3
183 17 2
183 512 1
183 178 3
183 528 2
183 179 5
183 180 1
183 181 2
183 513 2
183 86 1
183 166 1
183 18 4
183 529 2
183 52 3
183 530 2
183 514 2
183 182 6
183 19 7
183 515 1
183 57 1
582 28 1
582 576 1
582 579 1
582 580 1
582 110 1
582 116 1
397 395 1
397 396 1
397 179 1
397 19 1
61 7 1
61 21 1
61 45 1
61 11 1
61 55 1
61 56 1
468 152 1
468 4 1
468 452 1
468 220 1
238 2 3
238 90 1
238 91 1
238 192 1
238 194 2
238 196 1
238 4 3
238 198 1
238 92 2
238 15 2
238 227 1
238 231 1
238 232 1
238 235 1
616 29 1
616 158 1
616 52 1
375 149 1
375 28 1
375 110 1
375 116 1
375 374 1
617 29 1
617 94 1
617 282 1
617 611 1
618 29 1
618 38 1
327 253 1
327 156 1
327 254 1
327 54 1
79 68 1
79 268 2
79 409 1
79 421 1
79 69 1
79 532 1
79 538 1
79 625 1
79 269 1
79 628 1
79 629 3
79 70 21
79 71 3
79 177 2
79 630 2
79 635 1
79 270 1
79 72 1
79 636 1
79 637 1
79 271 1
79 638 1
79 73 3
79 533 1
79 74 1
79 272 1
79 626 1
79 639 1
79 640 1
79 534 1
79 410 1
79 641 2
79 642 1
79 632 1
79 643 1
79 75 21
79 633 1
79 76 4
79 644 1
79 627 2
79 57 3
79 77 21
79 535 1
79 78 2
79 634 2
79 411 1
499 498 1
499 509 1
499 119 1
499 17 2
499 505 1
499 181 2
499 506 1
499 18 2
499 19 2
344 328 1
344 161 1
344 340 1
344 168 1
411 409 1
411 70 1
411 410 1
411 75 1
411 76 1
411 77 1
411 78 1
411 79 1
171 148 1
171 153 1
171 500 1
171 548 1
171 159 1
171 160 1
171 161 8
171 660 1
171 661 1
171 140 1
171 662 1
171 549 1
171 663 1
171 664 1
171 665 1
171 666 1
171 667 1
171 669 1
171 168 8
171 670 1
171 671 1
171 672 1
171 169 1
171 674 1
469 152 1
469 440 1
469 4 1
469 396 1
469 163 1
469 380 1
469 19 1
469 464 1
469 465 1
469 467 1
172 148 1
172 152 1
172 154 1
172 163 1
172 57 1
172 170 1